test
250 251
2
sponge_generation_layer
unitless
2
0.000000 0.000000 
sponge_absorbing_layer
unitless
2
0.000000 0.000000 
sponge_generation_layer
100
1 12.000000 11.643588 
2 11.643588 11.294304 
3 11.294304 10.952076 
4 10.952076 10.616832 
5 10.616832 10.288500 
6 10.288500 9.967008 
7 9.967008 9.652284 
8 9.652284 9.344256 
9 9.344256 9.042852 
10 9.042852 8.748000 
11 8.748000 8.459628 
12 8.459628 8.177664 
13 8.177664 7.902036 
14 7.902036 7.632672 
15 7.632672 7.369500 
16 7.369500 7.112448 
17 7.112448 6.861444 
18 6.861444 6.616416 
19 6.616416 6.377292 
20 6.377292 6.144000 
21 6.144000 5.916468 
22 5.916468 5.694624 
23 5.694624 5.478396 
24 5.478396 5.267712 
25 5.267712 5.062500 
26 5.062500 4.862688 
27 4.862688 4.668204 
28 4.668204 4.478976 
29 4.478976 4.294932 
30 4.294932 4.116000 
31 4.116000 3.942108 
32 3.942108 3.773184 
33 3.773184 3.609156 
34 3.609156 3.449952 
35 3.449952 3.295500 
36 3.295500 3.145728 
37 3.145728 3.000564 
38 3.000564 2.859936 
39 2.859936 2.723772 
40 2.723772 2.592000 
41 2.592000 2.464548 
42 2.464548 2.341344 
43 2.341344 2.222316 
44 2.222316 2.107392 
45 2.107392 1.996500 
46 1.996500 1.889568 
47 1.889568 1.786524 
48 1.786524 1.687296 
49 1.687296 1.591812 
50 1.591812 1.500000 
51 1.500000 1.411788 
52 1.411788 1.327104 
53 1.327104 1.245876 
54 1.245876 1.168032 
55 1.168032 1.093500 
56 1.093500 1.022208 
57 1.022208 0.954084 
58 0.954084 0.889056 
59 0.889056 0.827052 
60 0.827052 0.768000 
61 0.768000 0.711828 
62 0.711828 0.658464 
63 0.658464 0.607836 
64 0.607836 0.559872 
65 0.559872 0.514500 
66 0.514500 0.471648 
67 0.471648 0.431244 
68 0.431244 0.393216 
69 0.393216 0.357492 
70 0.357492 0.324000 
71 0.324000 0.292668 
72 0.292668 0.263424 
73 0.263424 0.236196 
74 0.236196 0.210912 
75 0.210912 0.187500 
76 0.187500 0.165888 
77 0.165888 0.146004 
78 0.146004 0.127776 
79 0.127776 0.111132 
80 0.111132 0.096000 
81 0.096000 0.082308 
82 0.082308 0.069984 
83 0.069984 0.058956 
84 0.058956 0.049152 
85 0.049152 0.040500 
86 0.040500 0.032928 
87 0.032928 0.026364 
88 0.026364 0.020736 
89 0.020736 0.015972 
90 0.015972 0.012000 
91 0.012000 0.008748 
92 0.008748 0.006144 
93 0.006144 0.004116 
94 0.004116 0.002592 
95 0.002592 0.001500 
96 0.001500 0.000768 
97 0.000768 0.000324 
98 0.000324 0.000096 
99 0.000096 0.000012 
100 0.000012 0.000000 
sponge_absorbing_layer
49
202 0.000192 0.001536 
203 0.001536 0.005184 
204 0.005184 0.012288 
205 0.012288 0.024000 
206 0.024000 0.041472 
207 0.041472 0.065856 
208 0.065856 0.098304 
209 0.098304 0.139968 
210 0.139968 0.192000 
211 0.192000 0.255552 
212 0.255552 0.331776 
213 0.331776 0.421824 
214 0.421824 0.526848 
215 0.526848 0.648000 
216 0.648000 0.786432 
217 0.786432 0.943296 
218 0.943296 1.119744 
219 1.119744 1.316928 
220 1.316928 1.536000 
221 1.536000 1.778112 
222 1.778112 2.044416 
223 2.044416 2.336064 
224 2.336064 2.654208 
225 2.654208 3.000000 
226 3.000000 3.374592 
227 3.374592 3.779136 
228 3.779136 4.214784 
229 4.214784 4.682688 
230 4.682688 5.184000 
231 5.184000 5.719872 
232 5.719872 6.291456 
233 6.291456 6.899904 
234 6.899904 7.546368 
235 7.546368 8.232000 
236 8.232000 8.957952 
237 8.957952 9.725376 
238 9.725376 10.535424 
239 10.535424 11.389248 
240 11.389248 12.288000 
241 12.288000 13.232832 
242 13.232832 14.224896 
243 14.224896 15.265344 
244 15.265344 16.355328 
245 16.355328 17.496000 
246 17.496000 18.688512 
247 18.688512 19.934016 
248 19.934016 21.233664 
249 21.233664 22.588608 
250 22.588608 24.000000 
