Solitary_Wave_Breaking
NODAL
181
-30.000000 0.000005 0.000016
-29.750000 0.000006 0.000020
-29.500000 0.000007 0.000025
-29.250000 0.000009 0.000030
-29.000000 0.000010 0.000037
-28.750000 0.000013 0.000046
-28.500000 0.000016 0.000057
-28.250000 0.000020 0.000070
-28.000000 0.000024 0.000086
-27.750000 0.000030 0.000106
-27.500000 0.000036 0.000130
-27.250000 0.000045 0.000160
-27.000000 0.000055 0.000198
-26.750000 0.000068 0.000243
-26.500000 0.000084 0.000299
-26.250000 0.000103 0.000369
-26.000000 0.000127 0.000454
-25.750000 0.000156 0.000559
-25.500000 0.000193 0.000688
-25.250000 0.000237 0.000847
-25.000000 0.000292 0.001043
-24.750000 0.000360 0.001284
-24.500000 0.000443 0.001581
-24.250000 0.000545 0.001946
-24.000000 0.000671 0.002395
-23.750000 0.000826 0.002948
-23.500000 0.001016 0.003629
-23.250000 0.001251 0.004466
-23.000000 0.001539 0.005496
-22.750000 0.001894 0.006763
-22.500000 0.002330 0.008320
-22.250000 0.002866 0.010235
-22.000000 0.003525 0.012588
-21.750000 0.004334 0.015477
-21.500000 0.005327 0.019024
-21.250000 0.006545 0.023375
-21.000000 0.008038 0.028707
-20.750000 0.009866 0.035234
-20.500000 0.012101 0.043216
-20.250000 0.014830 0.052959
-20.000000 0.018153 0.064828
-19.750000 0.022193 0.078864
-19.500000 0.027088 0.095074
-19.250000 0.032998 0.114392
-19.000000 0.040102 0.137312
-18.750000 0.048593 0.164362
-18.500000 0.058676 0.196080
-18.250000 0.070552 0.232981
-18.000000 0.084399 0.275498
-17.750000 0.100351 0.323912
-17.500000 0.118455 0.378244
-17.250000 0.138635 0.438133
-17.000000 0.160636 0.502690
-16.750000 0.183984 0.570368
-16.500000 0.207947 0.638856
-16.250000 0.231534 0.705075
-16.000000 0.253529 0.765299
-15.750000 0.272589 0.815456
-15.500000 0.287385 0.851590
-15.250000 0.296778 0.870439
-15.000000 0.300000 0.869984
-14.750000 0.296778 0.849852
-14.500000 0.287385 0.811430
-14.250000 0.272589 0.757652
-14.000000 0.253529 0.692526
-13.750000 0.231534 0.620517
-13.500000 0.207947 0.545944
-13.250000 0.183984 0.472521
-13.000000 0.160636 0.403092
-12.750000 0.138635 0.339562
-12.500000 0.118455 0.282975
-12.250000 0.100351 0.233672
-12.000000 0.084399 0.191485
-11.750000 0.070552 0.155915
-11.500000 0.058676 0.126282
-11.250000 0.048593 0.101834
-11.000000 0.040102 0.081821
-10.750000 0.032998 0.065544
-10.500000 0.027088 0.052371
-10.250000 0.022193 0.041757
-10.000000 0.018153 0.033233
-9.750000 0.014830 0.026406
-9.500000 0.012101 0.020952
-9.250000 0.009866 0.016603
-9.000000 0.008038 0.013141
-8.750000 0.006545 0.010389
-8.500000 0.005327 0.008204
-8.250000 0.004334 0.006472
-8.000000 0.003525 0.005099
-7.750000 0.002866 0.004014
-7.500000 0.002330 0.003156
-7.250000 0.001894 0.002478
-7.000000 0.001539 0.001944
-6.750000 0.001251 0.001522
-6.500000 0.001016 0.001191
-6.250000 0.000826 0.000930
-6.000000 0.000671 0.000725
-5.750000 0.000545 0.000564
-5.500000 0.000443 0.000438
-5.250000 0.000360 0.000340
-5.000000 0.000292 0.000263
-4.750000 0.000237 0.000203
-4.500000 0.000193 0.000156
-4.250000 0.000156 0.000120
-4.000000 0.000127 0.000092
-3.750000 0.000103 0.000070
-3.500000 0.000084 0.000053
-3.250000 0.000068 0.000040
-3.000000 0.000055 0.000030
-2.750000 0.000045 0.000022
-2.500000 0.000036 0.000016
-2.250000 0.000030 0.000012
-2.000000 0.000024 0.000009
-1.750000 0.000020 0.000006
-1.500000 0.000016 0.000004
-1.250000 0.000013 0.000003
-1.000000 0.000010 0.000002
-0.750000 0.000009 0.000001
-0.500000 0.000007 0.000001
-0.250000 0.000006 0.000000
0.000000 0.000005 0.000000
0.250000 0.013594 0.000000
0.500000 0.026189 0.000000
0.750000 0.038783 0.000000
1.000000 0.051378 0.000000
1.250000 0.063972 0.000000
1.500000 0.076567 0.000000
1.750000 0.089161 0.000000
2.000000 0.101756 0.000000
2.250000 0.114350 0.000000
2.500000 0.126945 0.000000
2.750000 0.139539 0.000000
3.000000 0.152134 0.000000
3.250000 0.164728 0.000000
3.500000 0.177322 0.000000
3.750000 0.189917 0.000000
4.000000 0.202511 0.000000
4.250000 0.215106 0.000000
4.500000 0.227700 0.000000
4.750000 0.240295 0.000000
5.000000 0.252889 0.000000
5.250000 0.265484 0.000000
5.500000 0.278078 0.000000
5.750000 0.290673 0.000000
6.000000 0.303267 0.000000
6.250000 0.315861 0.000000
6.500000 0.328456 0.000000
6.750000 0.341050 0.000000
7.000000 0.353645 0.000000
7.250000 0.366239 0.000000
7.500000 0.378834 0.000000
7.750000 0.391428 0.000000
8.000000 0.404023 0.000000
8.250000 0.416617 0.000000
8.500000 0.429212 0.000000
8.750000 0.441806 0.000000
9.000000 0.454400 0.000000
9.250000 0.466995 0.000000
9.500000 0.479589 0.000000
9.750000 0.492184 0.000000
10.000000 0.504778 0.000000
10.250000 0.517373 0.000000
10.500000 0.529967 0.000000
10.750000 0.542562 0.000000
11.000000 0.555156 0.000000
11.250000 0.567751 0.000000
11.500000 0.580345 0.000000
11.750000 0.592940 0.000000
12.000000 0.605534 0.000000
12.250000 0.618128 0.000000
12.500000 0.630723 0.000000
12.750000 0.643317 0.000000
13.000000 0.655912 0.000000
13.250000 0.668506 0.000000
13.500000 0.681101 0.000000
13.750000 0.693695 0.000000
14.000000 0.706290 0.000000
14.250000 0.718884 0.000000
14.500000 0.731479 0.000000
14.750000 0.744073 0.000000
15.000000 0.756668 0.000000
