SolitaryWave_break
180 181
   1     -30.00000000       1.00000000
   2     -29.75000000       1.00000000
   3     -29.50000000       1.00000000
   4     -29.25000000       1.00000000
   5     -29.00000000       1.00000000
   6     -28.75000000       1.00000000
   7     -28.50000000       1.00000000
   8     -28.25000000       1.00000000
   9     -28.00000000       1.00000000
  10     -27.75000000       1.00000000
  11     -27.50000000       1.00000000
  12     -27.25000000       1.00000000
  13     -27.00000000       1.00000000
  14     -26.75000000       1.00000000
  15     -26.50000000       1.00000000
  16     -26.25000000       1.00000000
  17     -26.00000000       1.00000000
  18     -25.75000000       1.00000000
  19     -25.50000000       1.00000000
  20     -25.25000000       1.00000000
  21     -25.00000000       1.00000000
  22     -24.75000000       1.00000000
  23     -24.50000000       1.00000000
  24     -24.25000000       1.00000000
  25     -24.00000000       1.00000000
  26     -23.75000000       1.00000000
  27     -23.50000000       1.00000000
  28     -23.25000000       1.00000000
  29     -23.00000000       1.00000000
  30     -22.75000000       1.00000000
  31     -22.50000000       1.00000000
  32     -22.25000000       1.00000000
  33     -22.00000000       1.00000000
  34     -21.75000000       1.00000000
  35     -21.50000000       1.00000000
  36     -21.25000000       1.00000000
  37     -21.00000000       1.00000000
  38     -20.75000000       1.00000000
  39     -20.50000000       1.00000000
  40     -20.25000000       1.00000000
  41     -20.00000000       1.00000000
  42     -19.75000000       0.99496222
  43     -19.50000000       0.98236776
  44     -19.25000000       0.96977330
  45     -19.00000000       0.95717884
  46     -18.75000000       0.94458438
  47     -18.50000000       0.93198992
  48     -18.25000000       0.91939547
  49     -18.00000000       0.90680101
  50     -17.75000000       0.89420655
  51     -17.50000000       0.88161209
  52     -17.25000000       0.86901763
  53     -17.00000000       0.85642317
  54     -16.75000000       0.84382872
  55     -16.50000000       0.83123426
  56     -16.25000000       0.81863980
  57     -16.00000000       0.80604534
  58     -15.75000000       0.79345088
  59     -15.50000000       0.78085642
  60     -15.25000000       0.76826196
  61     -15.00000000       0.75566751
  62     -14.75000000       0.74307305
  63     -14.50000000       0.73047859
  64     -14.25000000       0.71788413
  65     -14.00000000       0.70528967
  66     -13.75000000       0.69269521
  67     -13.50000000       0.68010076
  68     -13.25000000       0.66750630
  69     -13.00000000       0.65491184
  70     -12.75000000       0.64231738
  71     -12.50000000       0.62972292
  72     -12.25000000       0.61712846
  73     -12.00000000       0.60453401
  74     -11.75000000       0.59193955
  75     -11.50000000       0.57934509
  76     -11.25000000       0.56675063
  77     -11.00000000       0.55415617
  78     -10.75000000       0.54156171
  79     -10.50000000       0.52896725
  80     -10.25000000       0.51637280
  81     -10.00000000       0.50377834
  82      -9.75000000       0.49118388
  83      -9.50000000       0.47858942
  84      -9.25000000       0.46599496
  85      -9.00000000       0.45340050
  86      -8.75000000       0.44080605
  87      -8.50000000       0.42821159
  88      -8.25000000       0.41561713
  89      -8.00000000       0.40302267
  90      -7.75000000       0.39042821
  91      -7.50000000       0.37783375
  92      -7.25000000       0.36523929
  93      -7.00000000       0.35264484
  94      -6.75000000       0.34005038
  95      -6.50000000       0.32745592
  96      -6.25000000       0.31486146
  97      -6.00000000       0.30226700
  98      -5.75000000       0.28967254
  99      -5.50000000       0.27707809
 100      -5.25000000       0.26448363
 101      -5.00000000       0.25188917
 102      -4.75000000       0.23929471
 103      -4.50000000       0.22670025
 104      -4.25000000       0.21410579
 105      -4.00000000       0.20151134
 106      -3.75000000       0.18891688
 107      -3.50000000       0.17632242
 108      -3.25000000       0.16372796
 109      -3.00000000       0.15113350
 110      -2.75000000       0.13853904
 111      -2.50000000       0.12594458
 112      -2.25000000       0.11335013
 113      -2.00000000       0.10075567
 114      -1.75000000       0.08816121
 115      -1.50000000       0.07556675
 116      -1.25000000       0.06297229
 117      -1.00000000       0.05037783
 118      -0.75000000       0.03778338
 119      -0.50000000       0.02518892
 120      -0.25000000       0.01259446
 121       0.00000000       0.00000000
 122       0.25000000      -0.01259446
 123       0.50000000      -0.02518892
 124       0.75000000      -0.03778338
 125       1.00000000      -0.05037783
 126       1.25000000      -0.06297229
 127       1.50000000      -0.07556675
 128       1.75000000      -0.08816121
 129       2.00000000      -0.10075567
 130       2.25000000      -0.11335013
 131       2.50000000      -0.12594458
 132       2.75000000      -0.13853904
 133       3.00000000      -0.15113350
 134       3.25000000      -0.16372796
 135       3.50000000      -0.17632242
 136       3.75000000      -0.18891688
 137       4.00000000      -0.20151134
 138       4.25000000      -0.21410579
 139       4.50000000      -0.22670025
 140       4.75000000      -0.23929471
 141       5.00000000      -0.25188917
 142       5.25000000      -0.26448363
 143       5.50000000      -0.27707809
 144       5.75000000      -0.28967254
 145       6.00000000      -0.30226700
 146       6.25000000      -0.31486146
 147       6.50000000      -0.32745592
 148       6.75000000      -0.34005038
 149       7.00000000      -0.35264484
 150       7.25000000      -0.36523929
 151       7.50000000      -0.37783375
 152       7.75000000      -0.39042821
 153       8.00000000      -0.40302267
 154       8.25000000      -0.41561713
 155       8.50000000      -0.42821159
 156       8.75000000      -0.44080605
 157       9.00000000      -0.45340050
 158       9.25000000      -0.46599496
 159       9.50000000      -0.47858942
 160       9.75000000      -0.49118388
 161      10.00000000      -0.50377834
 162      10.25000000      -0.51637280
 163      10.50000000      -0.52896725
 164      10.75000000      -0.54156171
 165      11.00000000      -0.55415617
 166      11.25000000      -0.56675063
 167      11.50000000      -0.57934509
 168      11.75000000      -0.59193955
 169      12.00000000      -0.60453401
 170      12.25000000      -0.61712846
 171      12.50000000      -0.62972292
 172      12.75000000      -0.64231738
 173      13.00000000      -0.65491184
 174      13.25000000      -0.66750630
 175      13.50000000      -0.68010076
 176      13.75000000      -0.69269521
 177      14.00000000      -0.70528967
 178      14.25000000      -0.71788413
 179      14.50000000      -0.73047859
 180      14.75000000      -0.74307305
 181      15.00000000      -0.75566751
