test
250 251
   1     -10.00000000       1.00000000
   2      -9.90000000       1.00000000
   3      -9.80000000       1.00000000
   4      -9.70000000       1.00000000
   5      -9.60000000       1.00000000
   6      -9.50000000       1.00000000
   7      -9.40000000       1.00000000
   8      -9.30000000       1.00000000
   9      -9.20000000       1.00000000
  10      -9.10000000       1.00000000
  11      -9.00000000       1.00000000
  12      -8.90000000       1.00000000
  13      -8.80000000       1.00000000
  14      -8.70000000       1.00000000
  15      -8.60000000       1.00000000
  16      -8.50000000       1.00000000
  17      -8.40000000       1.00000000
  18      -8.30000000       1.00000000
  19      -8.20000000       1.00000000
  20      -8.10000000       1.00000000
  21      -8.00000000       1.00000000
  22      -7.90000000       1.00000000
  23      -7.80000000       1.00000000
  24      -7.70000000       1.00000000
  25      -7.60000000       1.00000000
  26      -7.50000000       1.00000000
  27      -7.40000000       1.00000000
  28      -7.30000000       1.00000000
  29      -7.20000000       1.00000000
  30      -7.10000000       1.00000000
  31      -7.00000000       1.00000000
  32      -6.90000000       1.00000000
  33      -6.80000000       1.00000000
  34      -6.70000000       1.00000000
  35      -6.60000000       1.00000000
  36      -6.50000000       1.00000000
  37      -6.40000000       1.00000000
  38      -6.30000000       1.00000000
  39      -6.20000000       1.00000000
  40      -6.10000000       1.00000000
  41      -6.00000000       1.00000000
  42      -5.90000000       1.00000000
  43      -5.80000000       1.00000000
  44      -5.70000000       1.00000000
  45      -5.60000000       1.00000000
  46      -5.50000000       1.00000000
  47      -5.40000000       1.00000000
  48      -5.30000000       1.00000000
  49      -5.20000000       1.00000000
  50      -5.10000000       1.00000000
  51      -5.00000000       1.00000000
  52      -4.90000000       1.00000000
  53      -4.80000000       1.00000000
  54      -4.70000000       1.00000000
  55      -4.60000000       1.00000000
  56      -4.50000000       1.00000000
  57      -4.40000000       1.00000000
  58      -4.30000000       1.00000000
  59      -4.20000000       1.00000000
  60      -4.10000000       1.00000000
  61      -4.00000000       1.00000000
  62      -3.90000000       1.00000000
  63      -3.80000000       1.00000000
  64      -3.70000000       1.00000000
  65      -3.60000000       1.00000000
  66      -3.50000000       1.00000000
  67      -3.40000000       1.00000000
  68      -3.30000000       1.00000000
  69      -3.20000000       1.00000000
  70      -3.10000000       1.00000000
  71      -3.00000000       1.00000000
  72      -2.90000000       1.00000000
  73      -2.80000000       1.00000000
  74      -2.70000000       1.00000000
  75      -2.60000000       1.00000000
  76      -2.50000000       1.00000000
  77      -2.40000000       1.00000000
  78      -2.30000000       1.00000000
  79      -2.20000000       1.00000000
  80      -2.10000000       1.00000000
  81      -2.00000000       1.00000000
  82      -1.90000000       1.00000000
  83      -1.80000000       1.00000000
  84      -1.70000000       1.00000000
  85      -1.60000000       1.00000000
  86      -1.50000000       1.00000000
  87      -1.40000000       1.00000000
  88      -1.30000000       1.00000000
  89      -1.20000000       1.00000000
  90      -1.10000000       1.00000000
  91      -1.00000000       1.00000000
  92      -0.90000000       1.00000000
  93      -0.80000000       1.00000000
  94      -0.70000000       1.00000000
  95      -0.60000000       1.00000000
  96      -0.50000000       1.00000000
  97      -0.40000000       1.00000000
  98      -0.30000000       1.00000000
  99      -0.20000000       1.00000000
 100      -0.10000000       1.00000000
 101       0.00000000       1.00000000
 102       0.10000000       1.00000000
 103       0.20000000       1.00000000
 104       0.30000000       1.00000000
 105       0.40000000       1.00000000
 106       0.50000000       1.00000000
 107       0.60000000       1.00000000
 108       0.70000000       1.00000000
 109       0.80000000       1.00000000
 110       0.90000000       1.00000000
 111       1.00000000       1.00000000
 112       1.10000000       1.00000000
 113       1.20000000       1.00000000
 114       1.30000000       1.00000000
 115       1.40000000       1.00000000
 116       1.50000000       1.00000000
 117       1.60000000       1.00000000
 118       1.70000000       1.00000000
 119       1.80000000       1.00000000
 120       1.90000000       1.00000000
 121       2.00000000       1.00000000
 122       2.10000000       1.00000000
 123       2.20000000       1.00000000
 124       2.30000000       1.00000000
 125       2.40000000       1.00000000
 126       2.50000000       1.00000000
 127       2.60000000       1.00000000
 128       2.70000000       1.00000000
 129       2.80000000       1.00000000
 130       2.90000000       1.00000000
 131       3.00000000       1.00000000
 132       3.10000000       1.00000000
 133       3.20000000       1.00000000
 134       3.30000000       1.00000000
 135       3.40000000       1.00000000
 136       3.50000000       1.00000000
 137       3.60000000       1.00000000
 138       3.70000000       1.00000000
 139       3.80000000       1.00000000
 140       3.90000000       1.00000000
 141       4.00000000       1.00000000
 142       4.10000000       1.00000000
 143       4.20000000       1.00000000
 144       4.30000000       1.00000000
 145       4.40000000       1.00000000
 146       4.50000000       1.00000000
 147       4.60000000       1.00000000
 148       4.70000000       1.00000000
 149       4.80000000       1.00000000
 150       4.90000000       1.00000000
 151       5.00000000       1.00000000
 152       5.10000000       1.00000000
 153       5.20000000       1.00000000
 154       5.30000000       1.00000000
 155       5.40000000       1.00000000
 156       5.50000000       1.00000000
 157       5.60000000       1.00000000
 158       5.70000000       1.00000000
 159       5.80000000       1.00000000
 160       5.90000000       1.00000000
 161       6.00000000       1.00000000
 162       6.10000000       1.00000000
 163       6.20000000       1.00000000
 164       6.30000000       1.00000000
 165       6.40000000       1.00000000
 166       6.50000000       1.00000000
 167       6.60000000       1.00000000
 168       6.70000000       1.00000000
 169       6.80000000       1.00000000
 170       6.90000000       1.00000000
 171       7.00000000       1.00000000
 172       7.10000000       1.00000000
 173       7.20000000       1.00000000
 174       7.30000000       1.00000000
 175       7.40000000       1.00000000
 176       7.50000000       1.00000000
 177       7.60000000       1.00000000
 178       7.70000000       1.00000000
 179       7.80000000       1.00000000
 180       7.90000000       1.00000000
 181       8.00000000       1.00000000
 182       8.10000000       1.00000000
 183       8.20000000       1.00000000
 184       8.30000000       1.00000000
 185       8.40000000       1.00000000
 186       8.50000000       1.00000000
 187       8.60000000       1.00000000
 188       8.70000000       1.00000000
 189       8.80000000       1.00000000
 190       8.90000000       1.00000000
 191       9.00000000       1.00000000
 192       9.10000000       1.00000000
 193       9.20000000       1.00000000
 194       9.30000000       1.00000000
 195       9.40000000       1.00000000
 196       9.50000000       1.00000000
 197       9.60000000       1.00000000
 198       9.70000000       1.00000000
 199       9.80000000       1.00000000
 200       9.90000000       1.00000000
 201      10.00000000       1.00000000
 202      10.10000000       1.00000000
 203      10.20000000       1.00000000
 204      10.30000000       1.00000000
 205      10.40000000       1.00000000
 206      10.50000000       1.00000000
 207      10.60000000       1.00000000
 208      10.70000000       1.00000000
 209      10.80000000       1.00000000
 210      10.90000000       1.00000000
 211      11.00000000       1.00000000
 212      11.10000000       1.00000000
 213      11.20000000       1.00000000
 214      11.30000000       1.00000000
 215      11.40000000       1.00000000
 216      11.50000000       1.00000000
 217      11.60000000       1.00000000
 218      11.70000000       1.00000000
 219      11.80000000       1.00000000
 220      11.90000000       1.00000000
 221      12.00000000       1.00000000
 222      12.10000000       1.00000000
 223      12.20000000       1.00000000
 224      12.30000000       1.00000000
 225      12.40000000       1.00000000
 226      12.50000000       1.00000000
 227      12.60000000       1.00000000
 228      12.70000000       1.00000000
 229      12.80000000       1.00000000
 230      12.90000000       1.00000000
 231      13.00000000       1.00000000
 232      13.10000000       1.00000000
 233      13.20000000       1.00000000
 234      13.30000000       1.00000000
 235      13.40000000       1.00000000
 236      13.50000000       1.00000000
 237      13.60000000       1.00000000
 238      13.70000000       1.00000000
 239      13.80000000       1.00000000
 240      13.90000000       1.00000000
 241      14.00000000       1.00000000
 242      14.10000000       1.00000000
 243      14.20000000       1.00000000
 244      14.30000000       1.00000000
 245      14.40000000       1.00000000
 246      14.50000000       1.00000000
 247      14.60000000       1.00000000
 248      14.70000000       1.00000000
 249      14.80000000       1.00000000
 250      14.90000000       1.00000000
 251      15.00000000       1.00000000
