Hsiao_case2
1400 1401
   1     -10.00000000       0.22000000
   2      -9.97500000       0.22000000
   3      -9.95000000       0.22000000
   4      -9.92500000       0.22000000
   5      -9.90000000       0.22000000
   6      -9.87500000       0.22000000
   7      -9.85000000       0.22000000
   8      -9.82500000       0.22000000
   9      -9.80000000       0.22000000
  10      -9.77500000       0.22000000
  11      -9.75000000       0.22000000
  12      -9.72500000       0.22000000
  13      -9.70000000       0.22000000
  14      -9.67500000       0.22000000
  15      -9.65000000       0.22000000
  16      -9.62500000       0.22000000
  17      -9.60000000       0.22000000
  18      -9.57500000       0.22000000
  19      -9.55000000       0.22000000
  20      -9.52500000       0.22000000
  21      -9.50000000       0.22000000
  22      -9.47500000       0.22000000
  23      -9.45000000       0.22000000
  24      -9.42500000       0.22000000
  25      -9.40000000       0.22000000
  26      -9.37500000       0.22000000
  27      -9.35000000       0.22000000
  28      -9.32500000       0.22000000
  29      -9.30000000       0.22000000
  30      -9.27500000       0.22000000
  31      -9.25000000       0.22000000
  32      -9.22500000       0.22000000
  33      -9.20000000       0.22000000
  34      -9.17500000       0.22000000
  35      -9.15000000       0.22000000
  36      -9.12500000       0.22000000
  37      -9.10000000       0.22000000
  38      -9.07500000       0.22000000
  39      -9.05000000       0.22000000
  40      -9.02500000       0.22000000
  41      -9.00000000       0.22000000
  42      -8.97500000       0.22000000
  43      -8.95000000       0.22000000
  44      -8.92500000       0.22000000
  45      -8.90000000       0.22000000
  46      -8.87500000       0.22000000
  47      -8.85000000       0.22000000
  48      -8.82500000       0.22000000
  49      -8.80000000       0.22000000
  50      -8.77500000       0.22000000
  51      -8.75000000       0.22000000
  52      -8.72500000       0.22000000
  53      -8.70000000       0.22000000
  54      -8.67500000       0.22000000
  55      -8.65000000       0.22000000
  56      -8.62500000       0.22000000
  57      -8.60000000       0.22000000
  58      -8.57500000       0.22000000
  59      -8.55000000       0.22000000
  60      -8.52500000       0.22000000
  61      -8.50000000       0.22000000
  62      -8.47500000       0.22000000
  63      -8.45000000       0.22000000
  64      -8.42500000       0.22000000
  65      -8.40000000       0.22000000
  66      -8.37500000       0.22000000
  67      -8.35000000       0.22000000
  68      -8.32500000       0.22000000
  69      -8.30000000       0.22000000
  70      -8.27500000       0.22000000
  71      -8.25000000       0.22000000
  72      -8.22500000       0.22000000
  73      -8.20000000       0.22000000
  74      -8.17500000       0.22000000
  75      -8.15000000       0.22000000
  76      -8.12500000       0.22000000
  77      -8.10000000       0.22000000
  78      -8.07500000       0.22000000
  79      -8.05000000       0.22000000
  80      -8.02500000       0.22000000
  81      -8.00000000       0.22000000
  82      -7.97500000       0.22000000
  83      -7.95000000       0.22000000
  84      -7.92500000       0.22000000
  85      -7.90000000       0.22000000
  86      -7.87500000       0.22000000
  87      -7.85000000       0.22000000
  88      -7.82500000       0.22000000
  89      -7.80000000       0.22000000
  90      -7.77500000       0.22000000
  91      -7.75000000       0.22000000
  92      -7.72500000       0.22000000
  93      -7.70000000       0.22000000
  94      -7.67500000       0.22000000
  95      -7.65000000       0.22000000
  96      -7.62500000       0.22000000
  97      -7.60000000       0.22000000
  98      -7.57500000       0.22000000
  99      -7.55000000       0.22000000
 100      -7.52500000       0.22000000
 101      -7.50000000       0.22000000
 102      -7.47500000       0.22000000
 103      -7.45000000       0.22000000
 104      -7.42500000       0.22000000
 105      -7.40000000       0.22000000
 106      -7.37500000       0.22000000
 107      -7.35000000       0.22000000
 108      -7.32500000       0.22000000
 109      -7.30000000       0.22000000
 110      -7.27500000       0.22000000
 111      -7.25000000       0.22000000
 112      -7.22500000       0.22000000
 113      -7.20000000       0.22000000
 114      -7.17500000       0.22000000
 115      -7.15000000       0.22000000
 116      -7.12500000       0.22000000
 117      -7.10000000       0.22000000
 118      -7.07500000       0.22000000
 119      -7.05000000       0.22000000
 120      -7.02500000       0.22000000
 121      -7.00000000       0.22000000
 122      -6.97500000       0.22000000
 123      -6.95000000       0.22000000
 124      -6.92500000       0.22000000
 125      -6.90000000       0.22000000
 126      -6.87500000       0.22000000
 127      -6.85000000       0.22000000
 128      -6.82500000       0.22000000
 129      -6.80000000       0.22000000
 130      -6.77500000       0.22000000
 131      -6.75000000       0.22000000
 132      -6.72500000       0.22000000
 133      -6.70000000       0.22000000
 134      -6.67500000       0.22000000
 135      -6.65000000       0.22000000
 136      -6.62500000       0.22000000
 137      -6.60000000       0.22000000
 138      -6.57500000       0.22000000
 139      -6.55000000       0.22000000
 140      -6.52500000       0.22000000
 141      -6.50000000       0.22000000
 142      -6.47500000       0.22000000
 143      -6.45000000       0.22000000
 144      -6.42500000       0.22000000
 145      -6.40000000       0.22000000
 146      -6.37500000       0.22000000
 147      -6.35000000       0.22000000
 148      -6.32500000       0.22000000
 149      -6.30000000       0.22000000
 150      -6.27500000       0.22000000
 151      -6.25000000       0.22000000
 152      -6.22500000       0.22000000
 153      -6.20000000       0.22000000
 154      -6.17500000       0.22000000
 155      -6.15000000       0.22000000
 156      -6.12500000       0.22000000
 157      -6.10000000       0.22000000
 158      -6.07500000       0.22000000
 159      -6.05000000       0.22000000
 160      -6.02500000       0.22000000
 161      -6.00000000       0.22000000
 162      -5.97500000       0.22000000
 163      -5.95000000       0.22000000
 164      -5.92500000       0.22000000
 165      -5.90000000       0.22000000
 166      -5.87500000       0.22000000
 167      -5.85000000       0.22000000
 168      -5.82500000       0.22000000
 169      -5.80000000       0.22000000
 170      -5.77500000       0.22000000
 171      -5.75000000       0.22000000
 172      -5.72500000       0.22000000
 173      -5.70000000       0.22000000
 174      -5.67500000       0.22000000
 175      -5.65000000       0.22000000
 176      -5.62500000       0.22000000
 177      -5.60000000       0.22000000
 178      -5.57500000       0.22000000
 179      -5.55000000       0.22000000
 180      -5.52500000       0.22000000
 181      -5.50000000       0.22000000
 182      -5.47500000       0.22000000
 183      -5.45000000       0.22000000
 184      -5.42500000       0.22000000
 185      -5.40000000       0.22000000
 186      -5.37500000       0.22000000
 187      -5.35000000       0.22000000
 188      -5.32500000       0.22000000
 189      -5.30000000       0.22000000
 190      -5.27500000       0.22000000
 191      -5.25000000       0.22000000
 192      -5.22500000       0.22000000
 193      -5.20000000       0.22000000
 194      -5.17500000       0.22000000
 195      -5.15000000       0.22000000
 196      -5.12500000       0.22000000
 197      -5.10000000       0.22000000
 198      -5.07500000       0.22000000
 199      -5.05000000       0.22000000
 200      -5.02500000       0.22000000
 201      -5.00000000       0.22000000
 202      -4.97500000       0.22000000
 203      -4.95000000       0.22000000
 204      -4.92500000       0.22000000
 205      -4.90000000       0.22000000
 206      -4.87500000       0.22000000
 207      -4.85000000       0.22000000
 208      -4.82500000       0.22000000
 209      -4.80000000       0.22000000
 210      -4.77500000       0.22000000
 211      -4.75000000       0.22000000
 212      -4.72500000       0.22000000
 213      -4.70000000       0.22000000
 214      -4.67500000       0.22000000
 215      -4.65000000       0.22000000
 216      -4.62500000       0.22000000
 217      -4.60000000       0.22000000
 218      -4.57500000       0.22000000
 219      -4.55000000       0.22000000
 220      -4.52500000       0.22000000
 221      -4.50000000       0.22000000
 222      -4.47500000       0.22000000
 223      -4.45000000       0.22000000
 224      -4.42500000       0.22000000
 225      -4.40000000       0.22000000
 226      -4.37500000       0.22000000
 227      -4.35000000       0.22000000
 228      -4.32500000       0.22000000
 229      -4.30000000       0.22000000
 230      -4.27500000       0.22000000
 231      -4.25000000       0.22000000
 232      -4.22500000       0.22000000
 233      -4.20000000       0.22000000
 234      -4.17500000       0.22000000
 235      -4.15000000       0.22000000
 236      -4.12500000       0.22000000
 237      -4.10000000       0.22000000
 238      -4.07500000       0.22000000
 239      -4.05000000       0.22000000
 240      -4.02500000       0.22000000
 241      -4.00000000       0.22000000
 242      -3.97500000       0.22000000
 243      -3.95000000       0.22000000
 244      -3.92500000       0.22000000
 245      -3.90000000       0.22000000
 246      -3.87500000       0.22000000
 247      -3.85000000       0.22000000
 248      -3.82500000       0.22000000
 249      -3.80000000       0.22000000
 250      -3.77500000       0.22000000
 251      -3.75000000       0.22000000
 252      -3.72500000       0.22000000
 253      -3.70000000       0.22000000
 254      -3.67500000       0.22000000
 255      -3.65000000       0.22000000
 256      -3.62500000       0.22000000
 257      -3.60000000       0.22000000
 258      -3.57500000       0.22000000
 259      -3.55000000       0.22000000
 260      -3.52500000       0.22000000
 261      -3.50000000       0.22000000
 262      -3.47500000       0.22000000
 263      -3.45000000       0.22000000
 264      -3.42500000       0.22000000
 265      -3.40000000       0.22000000
 266      -3.37500000       0.22000000
 267      -3.35000000       0.22000000
 268      -3.32500000       0.22000000
 269      -3.30000000       0.22000000
 270      -3.27500000       0.22000000
 271      -3.25000000       0.22000000
 272      -3.22500000       0.22000000
 273      -3.20000000       0.22000000
 274      -3.17500000       0.22000000
 275      -3.15000000       0.22000000
 276      -3.12500000       0.22000000
 277      -3.10000000       0.22000000
 278      -3.07500000       0.22000000
 279      -3.05000000       0.22000000
 280      -3.02500000       0.22000000
 281      -3.00000000       0.22000000
 282      -2.97500000       0.22000000
 283      -2.95000000       0.22000000
 284      -2.92500000       0.22000000
 285      -2.90000000       0.22000000
 286      -2.87500000       0.22000000
 287      -2.85000000       0.22000000
 288      -2.82500000       0.22000000
 289      -2.80000000       0.22000000
 290      -2.77500000       0.22000000
 291      -2.75000000       0.22000000
 292      -2.72500000       0.22000000
 293      -2.70000000       0.22000000
 294      -2.67500000       0.22000000
 295      -2.65000000       0.22000000
 296      -2.62500000       0.22000000
 297      -2.60000000       0.22000000
 298      -2.57500000       0.22000000
 299      -2.55000000       0.22000000
 300      -2.52500000       0.22000000
 301      -2.50000000       0.22000000
 302      -2.47500000       0.22000000
 303      -2.45000000       0.22000000
 304      -2.42500000       0.22000000
 305      -2.40000000       0.22000000
 306      -2.37500000       0.22000000
 307      -2.35000000       0.22000000
 308      -2.32500000       0.22000000
 309      -2.30000000       0.22000000
 310      -2.27500000       0.22000000
 311      -2.25000000       0.22000000
 312      -2.22500000       0.22000000
 313      -2.20000000       0.22000000
 314      -2.17500000       0.22000000
 315      -2.15000000       0.22000000
 316      -2.12500000       0.22000000
 317      -2.10000000       0.22000000
 318      -2.07500000       0.22000000
 319      -2.05000000       0.22000000
 320      -2.02500000       0.22000000
 321      -2.00000000       0.22000000
 322      -1.97500000       0.22000000
 323      -1.95000000       0.22000000
 324      -1.92500000       0.22000000
 325      -1.90000000       0.22000000
 326      -1.87500000       0.22000000
 327      -1.85000000       0.22000000
 328      -1.82500000       0.22000000
 329      -1.80000000       0.22000000
 330      -1.77500000       0.22000000
 331      -1.75000000       0.22000000
 332      -1.72500000       0.22000000
 333      -1.70000000       0.22000000
 334      -1.67500000       0.22000000
 335      -1.65000000       0.22000000
 336      -1.62500000       0.22000000
 337      -1.60000000       0.22000000
 338      -1.57500000       0.22000000
 339      -1.55000000       0.22000000
 340      -1.52500000       0.22000000
 341      -1.50000000       0.22000000
 342      -1.47500000       0.22000000
 343      -1.45000000       0.22000000
 344      -1.42500000       0.22000000
 345      -1.40000000       0.22000000
 346      -1.37500000       0.22000000
 347      -1.35000000       0.22000000
 348      -1.32500000       0.22000000
 349      -1.30000000       0.22000000
 350      -1.27500000       0.22000000
 351      -1.25000000       0.22000000
 352      -1.22500000       0.22000000
 353      -1.20000000       0.22000000
 354      -1.17500000       0.22000000
 355      -1.15000000       0.22000000
 356      -1.12500000       0.22000000
 357      -1.10000000       0.22000000
 358      -1.07500000       0.22000000
 359      -1.05000000       0.22000000
 360      -1.02500000       0.22000000
 361      -1.00000000       0.22000000
 362      -0.97500000       0.22000000
 363      -0.95000000       0.22000000
 364      -0.92500000       0.22000000
 365      -0.90000000       0.22000000
 366      -0.87500000       0.22000000
 367      -0.85000000       0.22000000
 368      -0.82500000       0.22000000
 369      -0.80000000       0.22000000
 370      -0.77500000       0.22000000
 371      -0.75000000       0.22000000
 372      -0.72500000       0.22000000
 373      -0.70000000       0.22000000
 374      -0.67500000       0.22000000
 375      -0.65000000       0.22000000
 376      -0.62500000       0.22000000
 377      -0.60000000       0.22000000
 378      -0.57500000       0.22000000
 379      -0.55000000       0.22000000
 380      -0.52500000       0.22000000
 381      -0.50000000       0.22000000
 382      -0.47500000       0.22000000
 383      -0.45000000       0.22000000
 384      -0.42500000       0.22000000
 385      -0.40000000       0.22000000
 386      -0.37500000       0.22000000
 387      -0.35000000       0.22000000
 388      -0.32500000       0.22000000
 389      -0.30000000       0.22000000
 390      -0.27500000       0.22000000
 391      -0.25000000       0.22000000
 392      -0.22500000       0.22000000
 393      -0.20000000       0.22000000
 394      -0.17500000       0.22000000
 395      -0.15000000       0.22000000
 396      -0.12500000       0.22000000
 397      -0.10000000       0.22000000
 398      -0.07500000       0.22000000
 399      -0.05000000       0.22000000
 400      -0.02500000       0.22000000
 401       0.00000000       0.22000000
 402       0.02500000       0.22000000
 403       0.05000000       0.22000000
 404       0.07500000       0.22000000
 405       0.10000000       0.22000000
 406       0.12500000       0.22000000
 407       0.15000000       0.22000000
 408       0.17500000       0.22000000
 409       0.20000000       0.22000000
 410       0.22500000       0.22000000
 411       0.25000000       0.22000000
 412       0.27500000       0.22000000
 413       0.30000000       0.22000000
 414       0.32500000       0.22000000
 415       0.35000000       0.22000000
 416       0.37500000       0.22000000
 417       0.40000000       0.22000000
 418       0.42500000       0.22000000
 419       0.45000000       0.22000000
 420       0.47500000       0.22000000
 421       0.50000000       0.22000000
 422       0.52500000       0.22000000
 423       0.55000000       0.22000000
 424       0.57500000       0.22000000
 425       0.60000000       0.22000000
 426       0.62500000       0.22000000
 427       0.65000000       0.22000000
 428       0.67500000       0.22000000
 429       0.70000000       0.22000000
 430       0.72500000       0.22000000
 431       0.75000000       0.22000000
 432       0.77500000       0.22000000
 433       0.80000000       0.22000000
 434       0.82500000       0.22000000
 435       0.85000000       0.22000000
 436       0.87500000       0.22000000
 437       0.90000000       0.22000000
 438       0.92500000       0.22000000
 439       0.95000000       0.22000000
 440       0.97500000       0.22000000
 441       1.00000000       0.22000000
 442       1.02500000       0.22000000
 443       1.05000000       0.22000000
 444       1.07500000       0.22000000
 445       1.10000000       0.22000000
 446       1.12500000       0.22000000
 447       1.15000000       0.22000000
 448       1.17500000       0.22000000
 449       1.20000000       0.22000000
 450       1.22500000       0.22000000
 451       1.25000000       0.22000000
 452       1.27500000       0.22000000
 453       1.30000000       0.22000000
 454       1.32500000       0.22000000
 455       1.35000000       0.22000000
 456       1.37500000       0.22000000
 457       1.40000000       0.22000000
 458       1.42500000       0.22000000
 459       1.45000000       0.22000000
 460       1.47500000       0.22000000
 461       1.50000000       0.22000000
 462       1.52500000       0.22000000
 463       1.55000000       0.22000000
 464       1.57500000       0.22000000
 465       1.60000000       0.22000000
 466       1.62500000       0.22000000
 467       1.65000000       0.22000000
 468       1.67500000       0.22000000
 469       1.70000000       0.22000000
 470       1.72500000       0.22000000
 471       1.75000000       0.22000000
 472       1.77500000       0.22000000
 473       1.80000000       0.22000000
 474       1.82500000       0.22000000
 475       1.85000000       0.22000000
 476       1.87500000       0.22000000
 477       1.90000000       0.22000000
 478       1.92500000       0.22000000
 479       1.95000000       0.22000000
 480       1.97500000       0.22000000
 481       2.00000000       0.22000000
 482       2.02500000       0.22000000
 483       2.05000000       0.22000000
 484       2.07500000       0.22000000
 485       2.10000000       0.22000000
 486       2.12500000       0.22000000
 487       2.15000000       0.22000000
 488       2.17500000       0.22000000
 489       2.20000000       0.22000000
 490       2.22500000       0.22000000
 491       2.25000000       0.22000000
 492       2.27500000       0.22000000
 493       2.30000000       0.22000000
 494       2.32500000       0.22000000
 495       2.35000000       0.22000000
 496       2.37500000       0.22000000
 497       2.40000000       0.22000000
 498       2.42500000       0.22000000
 499       2.45000000       0.22000000
 500       2.47500000       0.22000000
 501       2.50000000       0.22000000
 502       2.52500000       0.22000000
 503       2.55000000       0.22000000
 504       2.57500000       0.22000000
 505       2.60000000       0.22000000
 506       2.62500000       0.22000000
 507       2.65000000       0.22000000
 508       2.67500000       0.22000000
 509       2.70000000       0.22000000
 510       2.72500000       0.22000000
 511       2.75000000       0.22000000
 512       2.77500000       0.22000000
 513       2.80000000       0.22000000
 514       2.82500000       0.22000000
 515       2.85000000       0.22000000
 516       2.87500000       0.22000000
 517       2.90000000       0.22000000
 518       2.92500000       0.22000000
 519       2.95000000       0.22000000
 520       2.97500000       0.22000000
 521       3.00000000       0.22000000
 522       3.02500000       0.22000000
 523       3.05000000       0.22000000
 524       3.07500000       0.22000000
 525       3.10000000       0.22000000
 526       3.12500000       0.22000000
 527       3.15000000       0.22000000
 528       3.17500000       0.22000000
 529       3.20000000       0.22000000
 530       3.22500000       0.22000000
 531       3.25000000       0.22000000
 532       3.27500000       0.22000000
 533       3.30000000       0.22000000
 534       3.32500000       0.22000000
 535       3.35000000       0.22000000
 536       3.37500000       0.22000000
 537       3.40000000       0.22000000
 538       3.42500000       0.22000000
 539       3.45000000       0.22000000
 540       3.47500000       0.22000000
 541       3.50000000       0.22000000
 542       3.52500000       0.22000000
 543       3.55000000       0.22000000
 544       3.57500000       0.22000000
 545       3.60000000       0.22000000
 546       3.62500000       0.22000000
 547       3.65000000       0.22000000
 548       3.67500000       0.22000000
 549       3.70000000       0.22000000
 550       3.72500000       0.22000000
 551       3.75000000       0.22000000
 552       3.77500000       0.22000000
 553       3.80000000       0.22000000
 554       3.82500000       0.22000000
 555       3.85000000       0.22000000
 556       3.87500000       0.22000000
 557       3.90000000       0.22000000
 558       3.92500000       0.22000000
 559       3.95000000       0.22000000
 560       3.97500000       0.22000000
 561       4.00000000       0.22000000
 562       4.02500000       0.22000000
 563       4.05000000       0.22000000
 564       4.07500000       0.22000000
 565       4.10000000       0.22000000
 566       4.12500000       0.22000000
 567       4.15000000       0.22000000
 568       4.17500000       0.22000000
 569       4.20000000       0.22000000
 570       4.22500000       0.22000000
 571       4.25000000       0.22000000
 572       4.27500000       0.22000000
 573       4.30000000       0.22000000
 574       4.32500000       0.22000000
 575       4.35000000       0.22000000
 576       4.37500000       0.22000000
 577       4.40000000       0.22000000
 578       4.42500000       0.22000000
 579       4.45000000       0.22000000
 580       4.47500000       0.22000000
 581       4.50000000       0.22000000
 582       4.52500000       0.22000000
 583       4.55000000       0.22000000
 584       4.57500000       0.22000000
 585       4.60000000       0.22000000
 586       4.62500000       0.22000000
 587       4.65000000       0.22000000
 588       4.67500000       0.22000000
 589       4.70000000       0.22000000
 590       4.72500000       0.22000000
 591       4.75000000       0.22000000
 592       4.77500000       0.22000000
 593       4.80000000       0.22000000
 594       4.82500000       0.22000000
 595       4.85000000       0.22000000
 596       4.87500000       0.22000000
 597       4.90000000       0.22000000
 598       4.92500000       0.22000000
 599       4.95000000       0.22000000
 600       4.97500000       0.22000000
 601       5.00000000       0.22000000
 602       5.02500000       0.22000000
 603       5.05000000       0.22000000
 604       5.07500000       0.22000000
 605       5.10000000       0.22000000
 606       5.12500000       0.22000000
 607       5.15000000       0.22000000
 608       5.17500000       0.22000000
 609       5.20000000       0.22000000
 610       5.22500000       0.22000000
 611       5.25000000       0.22000000
 612       5.27500000       0.22000000
 613       5.30000000       0.22000000
 614       5.32500000       0.22000000
 615       5.35000000       0.22000000
 616       5.37500000       0.22000000
 617       5.40000000       0.22000000
 618       5.42500000       0.22000000
 619       5.45000000       0.22000000
 620       5.47500000       0.22000000
 621       5.50000000       0.22000000
 622       5.52500000       0.22000000
 623       5.55000000       0.22000000
 624       5.57500000       0.22000000
 625       5.60000000       0.22000000
 626       5.62500000       0.22000000
 627       5.65000000       0.22000000
 628       5.67500000       0.22000000
 629       5.70000000       0.22000000
 630       5.72500000       0.22000000
 631       5.75000000       0.22000000
 632       5.77500000       0.22000000
 633       5.80000000       0.22000000
 634       5.82500000       0.22000000
 635       5.85000000       0.22000000
 636       5.87500000       0.22000000
 637       5.90000000       0.22000000
 638       5.92500000       0.22000000
 639       5.95000000       0.22000000
 640       5.97500000       0.22000000
 641       6.00000000       0.22000000
 642       6.02500000       0.22000000
 643       6.05000000       0.22000000
 644       6.07500000       0.22000000
 645       6.10000000       0.22000000
 646       6.12500000       0.22000000
 647       6.15000000       0.22000000
 648       6.17500000       0.22000000
 649       6.20000000       0.22000000
 650       6.22500000       0.22000000
 651       6.25000000       0.22000000
 652       6.27500000       0.22000000
 653       6.30000000       0.22000000
 654       6.32500000       0.22000000
 655       6.35000000       0.22000000
 656       6.37500000       0.22000000
 657       6.40000000       0.22000000
 658       6.42500000       0.22000000
 659       6.45000000       0.22000000
 660       6.47500000       0.22000000
 661       6.50000000       0.22000000
 662       6.52500000       0.22000000
 663       6.55000000       0.22000000
 664       6.57500000       0.22000000
 665       6.60000000       0.22000000
 666       6.62500000       0.22000000
 667       6.65000000       0.22000000
 668       6.67500000       0.22000000
 669       6.70000000       0.22000000
 670       6.72500000       0.22000000
 671       6.75000000       0.22000000
 672       6.77500000       0.22000000
 673       6.80000000       0.22000000
 674       6.82500000       0.22000000
 675       6.85000000       0.22000000
 676       6.87500000       0.22000000
 677       6.90000000       0.22000000
 678       6.92500000       0.22000000
 679       6.95000000       0.22000000
 680       6.97500000       0.22000000
 681       7.00000000       0.22000000
 682       7.02500000       0.22000000
 683       7.05000000       0.22000000
 684       7.07500000       0.22000000
 685       7.10000000       0.22000000
 686       7.12500000       0.22000000
 687       7.15000000       0.22000000
 688       7.17500000       0.22000000
 689       7.20000000       0.22000000
 690       7.22500000       0.22000000
 691       7.25000000       0.22000000
 692       7.27500000       0.22000000
 693       7.30000000       0.22000000
 694       7.32500000       0.22000000
 695       7.35000000       0.22000000
 696       7.37500000       0.22000000
 697       7.40000000       0.22000000
 698       7.42500000       0.22000000
 699       7.45000000       0.22000000
 700       7.47500000       0.22000000
 701       7.50000000       0.22000000
 702       7.52500000       0.22000000
 703       7.55000000       0.22000000
 704       7.57500000       0.22000000
 705       7.60000000       0.22000000
 706       7.62500000       0.22000000
 707       7.65000000       0.22000000
 708       7.67500000       0.22000000
 709       7.70000000       0.22000000
 710       7.72500000       0.22000000
 711       7.75000000       0.22000000
 712       7.77500000       0.22000000
 713       7.80000000       0.22000000
 714       7.82500000       0.22000000
 715       7.85000000       0.22000000
 716       7.87500000       0.22000000
 717       7.90000000       0.22000000
 718       7.92500000       0.22000000
 719       7.95000000       0.22000000
 720       7.97500000       0.22000000
 721       8.00000000       0.22000000
 722       8.02500000       0.22000000
 723       8.05000000       0.22000000
 724       8.07500000       0.22000000
 725       8.10000000       0.22000000
 726       8.12500000       0.22000000
 727       8.15000000       0.22000000
 728       8.17500000       0.22000000
 729       8.20000000       0.22000000
 730       8.22500000       0.22000000
 731       8.25000000       0.22000000
 732       8.27500000       0.22000000
 733       8.30000000       0.22000000
 734       8.32500000       0.22000000
 735       8.35000000       0.22000000
 736       8.37500000       0.22000000
 737       8.40000000       0.22000000
 738       8.42500000       0.22000000
 739       8.45000000       0.22000000
 740       8.47500000       0.22000000
 741       8.50000000       0.22000000
 742       8.52500000       0.22000000
 743       8.55000000       0.22000000
 744       8.57500000       0.22000000
 745       8.60000000       0.22000000
 746       8.62500000       0.22000000
 747       8.65000000       0.22000000
 748       8.67500000       0.22000000
 749       8.70000000       0.22000000
 750       8.72500000       0.22000000
 751       8.75000000       0.22000000
 752       8.77500000       0.22000000
 753       8.80000000       0.22000000
 754       8.82500000       0.22000000
 755       8.85000000       0.22000000
 756       8.87500000       0.22000000
 757       8.90000000       0.22000000
 758       8.92500000       0.22000000
 759       8.95000000       0.22000000
 760       8.97500000       0.22000000
 761       9.00000000       0.22000000
 762       9.02500000       0.22000000
 763       9.05000000       0.22000000
 764       9.07500000       0.22000000
 765       9.10000000       0.22000000
 766       9.12500000       0.22000000
 767       9.15000000       0.22000000
 768       9.17500000       0.22000000
 769       9.20000000       0.22000000
 770       9.22500000       0.22000000
 771       9.25000000       0.22000000
 772       9.27500000       0.22000000
 773       9.30000000       0.22000000
 774       9.32500000       0.22000000
 775       9.35000000       0.22000000
 776       9.37500000       0.22000000
 777       9.40000000       0.22000000
 778       9.42500000       0.22000000
 779       9.45000000       0.22000000
 780       9.47500000       0.22000000
 781       9.50000000       0.22000000
 782       9.52500000       0.22000000
 783       9.55000000       0.22000000
 784       9.57500000       0.22000000
 785       9.60000000       0.22000000
 786       9.62500000       0.22000000
 787       9.65000000       0.22000000
 788       9.67500000       0.22000000
 789       9.70000000       0.22000000
 790       9.72500000       0.22000000
 791       9.75000000       0.22000000
 792       9.77500000       0.22000000
 793       9.80000000       0.22000000
 794       9.82500000       0.22000000
 795       9.85000000       0.22000000
 796       9.87500000       0.22000000
 797       9.90000000       0.22000000
 798       9.92500000       0.22000000
 799       9.95000000       0.22000000
 800       9.97500000       0.22000000
 801      10.00000000       0.22000000
 802      10.02500000       0.21875000
 803      10.05000000       0.21750000
 804      10.07500000       0.21625000
 805      10.10000000       0.21500000
 806      10.12500000       0.21375000
 807      10.15000000       0.21250000
 808      10.17500000       0.21125000
 809      10.20000000       0.21000000
 810      10.22500000       0.20875000
 811      10.25000000       0.20750000
 812      10.27500000       0.20625000
 813      10.30000000       0.20500000
 814      10.32500000       0.20375000
 815      10.35000000       0.20250000
 816      10.37500000       0.20125000
 817      10.40000000       0.20000000
 818      10.42500000       0.19875000
 819      10.45000000       0.19750000
 820      10.47500000       0.19625000
 821      10.50000000       0.19500000
 822      10.52500000       0.19375000
 823      10.55000000       0.19250000
 824      10.57500000       0.19125000
 825      10.60000000       0.19000000
 826      10.62500000       0.18875000
 827      10.65000000       0.18750000
 828      10.67500000       0.18625000
 829      10.70000000       0.18500000
 830      10.72500000       0.18375000
 831      10.75000000       0.18250000
 832      10.77500000       0.18125000
 833      10.80000000       0.18000000
 834      10.82500000       0.17875000
 835      10.85000000       0.17750000
 836      10.87500000       0.17625000
 837      10.90000000       0.17500000
 838      10.92500000       0.17375000
 839      10.95000000       0.17250000
 840      10.97500000       0.17125000
 841      11.00000000       0.17000000
 842      11.02500000       0.16875000
 843      11.05000000       0.16750000
 844      11.07500000       0.16625000
 845      11.10000000       0.16500000
 846      11.12500000       0.16375000
 847      11.15000000       0.16250000
 848      11.17500000       0.16125000
 849      11.20000000       0.16000000
 850      11.22500000       0.15875000
 851      11.25000000       0.15750000
 852      11.27500000       0.15625000
 853      11.30000000       0.15500000
 854      11.32500000       0.15375000
 855      11.35000000       0.15250000
 856      11.37500000       0.15125000
 857      11.40000000       0.15000000
 858      11.42500000       0.14875000
 859      11.45000000       0.14750000
 860      11.47500000       0.14625000
 861      11.50000000       0.14500000
 862      11.52500000       0.14375000
 863      11.55000000       0.14250000
 864      11.57500000       0.14125000
 865      11.60000000       0.14000000
 866      11.62500000       0.13875000
 867      11.65000000       0.13750000
 868      11.67500000       0.13625000
 869      11.70000000       0.13500000
 870      11.72500000       0.13375000
 871      11.75000000       0.13250000
 872      11.77500000       0.13125000
 873      11.80000000       0.13000000
 874      11.82500000       0.12875000
 875      11.85000000       0.12750000
 876      11.87500000       0.12625000
 877      11.90000000       0.12500000
 878      11.92500000       0.12375000
 879      11.95000000       0.12250000
 880      11.97500000       0.12125000
 881      12.00000000       0.12000000
 882      12.02500000       0.11875000
 883      12.05000000       0.11750000
 884      12.07500000       0.11625000
 885      12.10000000       0.11500000
 886      12.12500000       0.11375000
 887      12.15000000       0.11250000
 888      12.17500000       0.11125000
 889      12.20000000       0.11000000
 890      12.22500000       0.10875000
 891      12.25000000       0.10750000
 892      12.27500000       0.10625000
 893      12.30000000       0.10500000
 894      12.32500000       0.10375000
 895      12.35000000       0.10250000
 896      12.37500000       0.10125000
 897      12.40000000       0.10000000
 898      12.42500000       0.09875000
 899      12.45000000       0.09750000
 900      12.47500000       0.09625000
 901      12.50000000       0.09500000
 902      12.52500000       0.09375000
 903      12.55000000       0.09250000
 904      12.57500000       0.09125000
 905      12.60000000       0.09000000
 906      12.62500000       0.08875000
 907      12.65000000       0.08750000
 908      12.67500000       0.08625000
 909      12.70000000       0.08500000
 910      12.72500000       0.08375000
 911      12.75000000       0.08250000
 912      12.77500000       0.08125000
 913      12.80000000       0.08000000
 914      12.82500000       0.07875000
 915      12.85000000       0.07750000
 916      12.87500000       0.07625000
 917      12.90000000       0.07500000
 918      12.92500000       0.07375000
 919      12.95000000       0.07250000
 920      12.97500000       0.07125000
 921      13.00000000       0.07000000
 922      13.02500000       0.06875000
 923      13.05000000       0.06750000
 924      13.07500000       0.06625000
 925      13.10000000       0.06500000
 926      13.12500000       0.06375000
 927      13.15000000       0.06250000
 928      13.17500000       0.06125000
 929      13.20000000       0.06000000
 930      13.22500000       0.05875000
 931      13.25000000       0.05750000
 932      13.27500000       0.05625000
 933      13.30000000       0.05500000
 934      13.32500000       0.05375000
 935      13.35000000       0.05250000
 936      13.37500000       0.05125000
 937      13.40000000       0.05000000
 938      13.42500000       0.04875000
 939      13.45000000       0.04750000
 940      13.47500000       0.04625000
 941      13.50000000       0.04500000
 942      13.52500000       0.04375000
 943      13.55000000       0.04250000
 944      13.57500000       0.04125000
 945      13.60000000       0.04000000
 946      13.62500000       0.03375000
 947      13.65000000       0.02750000
 948      13.67500000       0.02125000
 949      13.70000000       0.01500000
 950      13.72500000       0.00875000
 951      13.75000000       0.00250000
 952      13.77500000      -0.00375000
 953      13.80000000      -0.01000000
 954      13.82500000      -0.01625000
 955      13.85000000      -0.02250000
 956      13.87500000      -0.02875000
 957      13.90000000      -0.03500000
 958      13.92500000      -0.03600000
 959      13.95000000      -0.03488889
 960      13.97500000      -0.02100000
 961      14.00000000      -0.00711111
 962      14.02500000       0.00677778
 963      14.05000000       0.01750000
 964      14.07500000       0.01625000
 965      14.10000000       0.01500000
 966      14.12500000       0.01375000
 967      14.15000000       0.01250000
 968      14.17500000       0.01125000
 969      14.20000000       0.01000000
 970      14.22500000       0.00875000
 971      14.25000000       0.00750000
 972      14.27500000       0.00625000
 973      14.30000000       0.00500000
 974      14.32500000       0.00375000
 975      14.35000000       0.00250000
 976      14.37500000       0.00125000
 977      14.40000000       0.00000000
 978      14.42500000      -0.00125000
 979      14.45000000      -0.00250000
 980      14.47500000      -0.00375000
 981      14.50000000      -0.00500000
 982      14.52500000      -0.00625000
 983      14.55000000      -0.00750000
 984      14.57500000      -0.00875000
 985      14.60000000      -0.01000000
 986      14.62500000      -0.01125000
 987      14.65000000      -0.01250000
 988      14.67500000      -0.01375000
 989      14.70000000      -0.01500000
 990      14.72500000      -0.01625000
 991      14.75000000      -0.01750000
 992      14.77500000      -0.01875000
 993      14.80000000      -0.02000000
 994      14.82500000      -0.02125000
 995      14.85000000      -0.02250000
 996      14.87500000      -0.02375000
 997      14.90000000      -0.02500000
 998      14.92500000      -0.02625000
 999      14.95000000      -0.02750000
1000      14.97500000      -0.02875000
1001      15.00000000      -0.03000000
1002      15.02500000      -0.03125000
1003      15.05000000      -0.03250000
1004      15.07500000      -0.03375000
1005      15.10000000      -0.03500000
1006      15.12500000      -0.03625000
1007      15.15000000      -0.03750000
1008      15.17500000      -0.03875000
1009      15.20000000      -0.04000000
1010      15.22500000      -0.04125000
1011      15.25000000      -0.04250000
1012      15.27500000      -0.04375000
1013      15.30000000      -0.04500000
1014      15.32500000      -0.04625000
1015      15.35000000      -0.04750000
1016      15.37500000      -0.04875000
1017      15.40000000      -0.05000000
1018      15.42500000      -0.05125000
1019      15.45000000      -0.05250000
1020      15.47500000      -0.05375000
1021      15.50000000      -0.05500000
1022      15.52500000      -0.05625000
1023      15.55000000      -0.05750000
1024      15.57500000      -0.05875000
1025      15.60000000      -0.06000000
1026      15.62500000      -0.06125000
1027      15.65000000      -0.06250000
1028      15.67500000      -0.06375000
1029      15.70000000      -0.06500000
1030      15.72500000      -0.06625000
1031      15.75000000      -0.06750000
1032      15.77500000      -0.06875000
1033      15.80000000      -0.07000000
1034      15.82500000      -0.07125000
1035      15.85000000      -0.07250000
1036      15.87500000      -0.07375000
1037      15.90000000      -0.07500000
1038      15.92500000      -0.07625000
1039      15.95000000      -0.07750000
1040      15.97500000      -0.07875000
1041      16.00000000      -0.08000000
1042      16.02500000      -0.08125000
1043      16.05000000      -0.08250000
1044      16.07500000      -0.08375000
1045      16.10000000      -0.08500000
1046      16.12500000      -0.08625000
1047      16.15000000      -0.08750000
1048      16.17500000      -0.08875000
1049      16.20000000      -0.09000000
1050      16.22500000      -0.09125000
1051      16.25000000      -0.09250000
1052      16.27500000      -0.09375000
1053      16.30000000      -0.09500000
1054      16.32500000      -0.09625000
1055      16.35000000      -0.09750000
1056      16.37500000      -0.09875000
1057      16.40000000      -0.10000000
1058      16.42500000      -0.10125000
1059      16.45000000      -0.10250000
1060      16.47500000      -0.10375000
1061      16.50000000      -0.10500000
1062      16.52500000      -0.10625000
1063      16.55000000      -0.10750000
1064      16.57500000      -0.10875000
1065      16.60000000      -0.11000000
1066      16.62500000      -0.11125000
1067      16.65000000      -0.11250000
1068      16.67500000      -0.11375000
1069      16.70000000      -0.11500000
1070      16.72500000      -0.11625000
1071      16.75000000      -0.11750000
1072      16.77500000      -0.11875000
1073      16.80000000      -0.12000000
1074      16.82500000      -0.12125000
1075      16.85000000      -0.12250000
1076      16.87500000      -0.12375000
1077      16.90000000      -0.12500000
1078      16.92500000      -0.12625000
1079      16.95000000      -0.12750000
1080      16.97500000      -0.12875000
1081      17.00000000      -0.13000000
1082      17.02500000      -0.13125000
1083      17.05000000      -0.13250000
1084      17.07500000      -0.13375000
1085      17.10000000      -0.13500000
1086      17.12500000      -0.13625000
1087      17.15000000      -0.13750000
1088      17.17500000      -0.13875000
1089      17.20000000      -0.14000000
1090      17.22500000      -0.14125000
1091      17.25000000      -0.14250000
1092      17.27500000      -0.14375000
1093      17.30000000      -0.14500000
1094      17.32500000      -0.14625000
1095      17.35000000      -0.14750000
1096      17.37500000      -0.14875000
1097      17.40000000      -0.15000000
1098      17.42500000      -0.15125000
1099      17.45000000      -0.15250000
1100      17.47500000      -0.15375000
1101      17.50000000      -0.15500000
1102      17.52500000      -0.15625000
1103      17.55000000      -0.15750000
1104      17.57500000      -0.15875000
1105      17.60000000      -0.16000000
1106      17.62500000      -0.16125000
1107      17.65000000      -0.16250000
1108      17.67500000      -0.16375000
1109      17.70000000      -0.16500000
1110      17.72500000      -0.16625000
1111      17.75000000      -0.16750000
1112      17.77500000      -0.16875000
1113      17.80000000      -0.17000000
1114      17.82500000      -0.17125000
1115      17.85000000      -0.17250000
1116      17.87500000      -0.17375000
1117      17.90000000      -0.17500000
1118      17.92500000      -0.17625000
1119      17.95000000      -0.17750000
1120      17.97500000      -0.17875000
1121      18.00000000      -0.18000000
1122      18.02500000      -0.18125000
1123      18.05000000      -0.18250000
1124      18.07500000      -0.18375000
1125      18.10000000      -0.18500000
1126      18.12500000      -0.18625000
1127      18.15000000      -0.18750000
1128      18.17500000      -0.18875000
1129      18.20000000      -0.19000000
1130      18.22500000      -0.19125000
1131      18.25000000      -0.19250000
1132      18.27500000      -0.19375000
1133      18.30000000      -0.19500000
1134      18.32500000      -0.19625000
1135      18.35000000      -0.19750000
1136      18.37500000      -0.19875000
1137      18.40000000      -0.20000000
1138      18.42500000      -0.20125000
1139      18.45000000      -0.20250000
1140      18.47500000      -0.20375000
1141      18.50000000      -0.20500000
1142      18.52500000      -0.20625000
1143      18.55000000      -0.20750000
1144      18.57500000      -0.20875000
1145      18.60000000      -0.21000000
1146      18.62500000      -0.21125000
1147      18.65000000      -0.21250000
1148      18.67500000      -0.21375000
1149      18.70000000      -0.21500000
1150      18.72500000      -0.21625000
1151      18.75000000      -0.21750000
1152      18.77500000      -0.21875000
1153      18.80000000      -0.22000000
1154      18.82500000      -0.22125000
1155      18.85000000      -0.22250000
1156      18.87500000      -0.22375000
1157      18.90000000      -0.22500000
1158      18.92500000      -0.22625000
1159      18.95000000      -0.22750000
1160      18.97500000      -0.22875000
1161      19.00000000      -0.23000000
1162      19.02500000      -0.23125000
1163      19.05000000      -0.23250000
1164      19.07500000      -0.23375000
1165      19.10000000      -0.23500000
1166      19.12500000      -0.23625000
1167      19.15000000      -0.23750000
1168      19.17500000      -0.23875000
1169      19.20000000      -0.24000000
1170      19.22500000      -0.24125000
1171      19.25000000      -0.24250000
1172      19.27500000      -0.24375000
1173      19.30000000      -0.24500000
1174      19.32500000      -0.24625000
1175      19.35000000      -0.24750000
1176      19.37500000      -0.24875000
1177      19.40000000      -0.25000000
1178      19.42500000      -0.25125000
1179      19.45000000      -0.25250000
1180      19.47500000      -0.25375000
1181      19.50000000      -0.25500000
1182      19.52500000      -0.25625000
1183      19.55000000      -0.25750000
1184      19.57500000      -0.25875000
1185      19.60000000      -0.26000000
1186      19.62500000      -0.26125000
1187      19.65000000      -0.26250000
1188      19.67500000      -0.26375000
1189      19.70000000      -0.26500000
1190      19.72500000      -0.26625000
1191      19.75000000      -0.26750000
1192      19.77500000      -0.26875000
1193      19.80000000      -0.27000000
1194      19.82500000      -0.27125000
1195      19.85000000      -0.27250000
1196      19.87500000      -0.27375000
1197      19.90000000      -0.27500000
1198      19.92500000      -0.27625000
1199      19.95000000      -0.27750000
1200      19.97500000      -0.27875000
1201      20.00000000      -0.28000000
1202      20.02500000      -0.28125000
1203      20.05000000      -0.28250000
1204      20.07500000      -0.28375000
1205      20.10000000      -0.28500000
1206      20.12500000      -0.28625000
1207      20.15000000      -0.28750000
1208      20.17500000      -0.28875000
1209      20.20000000      -0.29000000
1210      20.22500000      -0.29125000
1211      20.25000000      -0.29250000
1212      20.27500000      -0.29375000
1213      20.30000000      -0.29500000
1214      20.32500000      -0.29625000
1215      20.35000000      -0.29750000
1216      20.37500000      -0.29875000
1217      20.40000000      -0.30000000
1218      20.42500000      -0.30125000
1219      20.45000000      -0.30250000
1220      20.47500000      -0.30375000
1221      20.50000000      -0.30500000
1222      20.52500000      -0.30625000
1223      20.55000000      -0.30750000
1224      20.57500000      -0.30875000
1225      20.60000000      -0.31000000
1226      20.62500000      -0.31125000
1227      20.65000000      -0.31250000
1228      20.67500000      -0.31375000
1229      20.70000000      -0.31500000
1230      20.72500000      -0.31625000
1231      20.75000000      -0.31750000
1232      20.77500000      -0.31875000
1233      20.80000000      -0.32000000
1234      20.82500000      -0.32125000
1235      20.85000000      -0.32250000
1236      20.87500000      -0.32375000
1237      20.90000000      -0.32500000
1238      20.92500000      -0.32625000
1239      20.95000000      -0.32750000
1240      20.97500000      -0.32875000
1241      21.00000000      -0.33000000
1242      21.02500000      -0.33125000
1243      21.05000000      -0.33250000
1244      21.07500000      -0.33375000
1245      21.10000000      -0.33500000
1246      21.12500000      -0.33625000
1247      21.15000000      -0.33750000
1248      21.17500000      -0.33875000
1249      21.20000000      -0.34000000
1250      21.22500000      -0.34125000
1251      21.25000000      -0.34250000
1252      21.27500000      -0.34375000
1253      21.30000000      -0.34500000
1254      21.32500000      -0.34625000
1255      21.35000000      -0.34750000
1256      21.37500000      -0.34875000
1257      21.40000000      -0.35000000
1258      21.42500000      -0.35125000
1259      21.45000000      -0.35250000
1260      21.47500000      -0.35375000
1261      21.50000000      -0.35500000
1262      21.52500000      -0.35625000
1263      21.55000000      -0.35750000
1264      21.57500000      -0.35875000
1265      21.60000000      -0.36000000
1266      21.62500000      -0.36125000
1267      21.65000000      -0.36250000
1268      21.67500000      -0.36375000
1269      21.70000000      -0.36500000
1270      21.72500000      -0.36625000
1271      21.75000000      -0.36750000
1272      21.77500000      -0.36875000
1273      21.80000000      -0.37000000
1274      21.82500000      -0.37125000
1275      21.85000000      -0.37250000
1276      21.87500000      -0.37375000
1277      21.90000000      -0.37500000
1278      21.92500000      -0.37625000
1279      21.95000000      -0.37750000
1280      21.97500000      -0.37875000
1281      22.00000000      -0.38000000
1282      22.02500000      -0.38125000
1283      22.05000000      -0.38250000
1284      22.07500000      -0.38375000
1285      22.10000000      -0.38500000
1286      22.12500000      -0.38625000
1287      22.15000000      -0.38750000
1288      22.17500000      -0.38875000
1289      22.20000000      -0.39000000
1290      22.22500000      -0.39125000
1291      22.25000000      -0.39250000
1292      22.27500000      -0.39375000
1293      22.30000000      -0.39500000
1294      22.32500000      -0.39625000
1295      22.35000000      -0.39750000
1296      22.37500000      -0.39875000
1297      22.40000000      -0.40000000
1298      22.42500000      -0.40125000
1299      22.45000000      -0.40250000
1300      22.47500000      -0.40375000
1301      22.50000000      -0.40500000
1302      22.52500000      -0.40625000
1303      22.55000000      -0.40750000
1304      22.57500000      -0.40875000
1305      22.60000000      -0.41000000
1306      22.62500000      -0.41125000
1307      22.65000000      -0.41250000
1308      22.67500000      -0.41375000
1309      22.70000000      -0.41500000
1310      22.72500000      -0.41625000
1311      22.75000000      -0.41750000
1312      22.77500000      -0.41875000
1313      22.80000000      -0.42000000
1314      22.82500000      -0.42125000
1315      22.85000000      -0.42250000
1316      22.87500000      -0.42375000
1317      22.90000000      -0.42500000
1318      22.92500000      -0.42625000
1319      22.95000000      -0.42750000
1320      22.97500000      -0.42875000
1321      23.00000000      -0.43000000
1322      23.02500000      -0.43125000
1323      23.05000000      -0.43250000
1324      23.07500000      -0.43375000
1325      23.10000000      -0.43500000
1326      23.12500000      -0.43625000
1327      23.15000000      -0.43750000
1328      23.17500000      -0.43875000
1329      23.20000000      -0.44000000
1330      23.22500000      -0.44125000
1331      23.25000000      -0.44250000
1332      23.27500000      -0.44375000
1333      23.30000000      -0.44500000
1334      23.32500000      -0.44625000
1335      23.35000000      -0.44750000
1336      23.37500000      -0.44875000
1337      23.40000000      -0.45000000
1338      23.42500000      -0.45125000
1339      23.45000000      -0.45250000
1340      23.47500000      -0.45375000
1341      23.50000000      -0.45500000
1342      23.52500000      -0.45625000
1343      23.55000000      -0.45750000
1344      23.57500000      -0.45875000
1345      23.60000000      -0.46000000
1346      23.62500000      -0.46125000
1347      23.65000000      -0.46250000
1348      23.67500000      -0.46375000
1349      23.70000000      -0.46500000
1350      23.72500000      -0.46625000
1351      23.75000000      -0.46750000
1352      23.77500000      -0.46875000
1353      23.80000000      -0.47000000
1354      23.82500000      -0.47125000
1355      23.85000000      -0.47250000
1356      23.87500000      -0.47375000
1357      23.90000000      -0.47500000
1358      23.92500000      -0.47625000
1359      23.95000000      -0.47750000
1360      23.97500000      -0.47875000
1361      24.00000000      -0.48000000
1362      24.02500000      -0.48125000
1363      24.05000000      -0.48250000
1364      24.07500000      -0.48375000
1365      24.10000000      -0.48500000
1366      24.12500000      -0.48625000
1367      24.15000000      -0.48750000
1368      24.17500000      -0.48875000
1369      24.20000000      -0.49000000
1370      24.22500000      -0.49125000
1371      24.25000000      -0.49250000
1372      24.27500000      -0.49375000
1373      24.30000000      -0.49500000
1374      24.32500000      -0.49625000
1375      24.35000000      -0.49750000
1376      24.37500000      -0.49875000
1377      24.40000000      -0.50000000
1378      24.42500000      -0.50125000
1379      24.45000000      -0.50250000
1380      24.47500000      -0.50375000
1381      24.50000000      -0.50500000
1382      24.52500000      -0.50625000
1383      24.55000000      -0.50750000
1384      24.57500000      -0.50875000
1385      24.60000000      -0.51000000
1386      24.62500000      -0.51125000
1387      24.65000000      -0.51250000
1388      24.67500000      -0.51375000
1389      24.70000000      -0.51500000
1390      24.72500000      -0.51625000
1391      24.75000000      -0.51750000
1392      24.77500000      -0.51875000
1393      24.80000000      -0.52000000
1394      24.82500000      -0.52125000
1395      24.85000000      -0.52250000
1396      24.87500000      -0.52375000
1397      24.90000000      -0.52500000
1398      24.92500000      -0.52625000
1399      24.95000000      -0.52750000
1400      24.97500000      -0.52875000
1401      25.00000000      -0.53000000
