Hsiao_Case_2
NODAL
1401
-10.000000 0.000000 0.000000
-9.975000 0.000000 0.000000
-9.950000 0.000000 0.000000
-9.925000 0.000000 0.000000
-9.900000 0.000000 0.000000
-9.875000 0.000000 0.000000
-9.850000 0.000000 0.000000
-9.825000 0.000000 0.000000
-9.800000 0.000000 0.000000
-9.775000 0.000000 0.000000
-9.750000 0.000000 0.000000
-9.725000 0.000000 0.000000
-9.700000 0.000000 0.000000
-9.675000 0.000000 0.000000
-9.650000 0.000000 0.000000
-9.625000 0.000000 0.000000
-9.600000 0.000000 0.000000
-9.575000 0.000000 0.000000
-9.550000 0.000000 0.000000
-9.525000 0.000000 0.000000
-9.500000 0.000000 0.000000
-9.475000 0.000000 0.000000
-9.450000 0.000000 0.000000
-9.425000 0.000000 0.000000
-9.400000 0.000000 0.000000
-9.375000 0.000000 0.000000
-9.350000 0.000000 0.000000
-9.325000 0.000000 0.000000
-9.300000 0.000000 0.000000
-9.275000 0.000000 0.000000
-9.250000 0.000000 0.000000
-9.225000 0.000000 0.000000
-9.200000 0.000000 0.000000
-9.175000 0.000000 0.000000
-9.150000 0.000000 0.000000
-9.125000 0.000000 0.000000
-9.100000 0.000000 0.000000
-9.075000 0.000000 0.000000
-9.050000 0.000000 0.000000
-9.025000 0.000000 0.000000
-9.000000 0.000000 0.000000
-8.975000 0.000000 0.000000
-8.950000 0.000000 0.000000
-8.925000 0.000000 0.000000
-8.900000 0.000000 0.000000
-8.875000 0.000000 0.000000
-8.850000 0.000000 0.000000
-8.825000 0.000000 0.000000
-8.800000 0.000000 0.000000
-8.775000 0.000000 0.000000
-8.750000 0.000000 0.000000
-8.725000 0.000000 0.000000
-8.700000 0.000000 0.000000
-8.675000 0.000000 0.000000
-8.650000 0.000000 0.000000
-8.625000 0.000000 0.000000
-8.600000 0.000000 0.000000
-8.575000 0.000000 0.000000
-8.550000 0.000000 0.000000
-8.525000 0.000000 0.000000
-8.500000 0.000000 0.000000
-8.475000 0.000000 0.000000
-8.450000 0.000000 0.000000
-8.425000 0.000000 0.000000
-8.400000 0.000000 0.000000
-8.375000 0.000000 0.000000
-8.350000 0.000000 0.000000
-8.325000 0.000000 0.000000
-8.300000 0.000000 0.000000
-8.275000 0.000000 0.000000
-8.250000 0.000000 0.000000
-8.225000 0.000000 0.000000
-8.200000 0.000000 0.000000
-8.175000 0.000000 0.000000
-8.150000 0.000000 0.000000
-8.125000 0.000000 0.000000
-8.100000 0.000000 0.000000
-8.075000 0.000000 0.000000
-8.050000 0.000000 0.000000
-8.025000 0.000000 0.000000
-8.000000 0.000000 0.000000
-7.975000 0.000000 0.000000
-7.950000 0.000000 0.000000
-7.925000 0.000000 0.000000
-7.900000 0.000000 0.000000
-7.875000 0.000000 0.000000
-7.850000 0.000000 0.000000
-7.825000 0.000000 0.000000
-7.800000 0.000000 0.000000
-7.775000 0.000000 0.000000
-7.750000 0.000000 0.000000
-7.725000 0.000000 0.000000
-7.700000 0.000000 0.000000
-7.675000 0.000000 0.000000
-7.650000 0.000000 0.000000
-7.625000 0.000000 0.000000
-7.600000 0.000000 0.000000
-7.575000 0.000000 0.000000
-7.550000 0.000000 0.000000
-7.525000 0.000000 0.000000
-7.500000 0.000000 0.000000
-7.475000 0.000000 0.000000
-7.450000 0.000000 0.000000
-7.425000 0.000000 0.000000
-7.400000 0.000000 0.000000
-7.375000 0.000000 0.000000
-7.350000 0.000000 0.000000
-7.325000 0.000000 0.000000
-7.300000 0.000000 0.000000
-7.275000 0.000000 0.000000
-7.250000 0.000000 0.000000
-7.225000 0.000000 0.000000
-7.200000 0.000000 0.000000
-7.175000 0.000000 0.000000
-7.150000 0.000000 0.000000
-7.125000 0.000000 0.000000
-7.100000 0.000000 0.000000
-7.075000 0.000000 0.000000
-7.050000 0.000000 0.000000
-7.025000 0.000000 0.000000
-7.000000 0.000000 0.000000
-6.975000 0.000000 0.000000
-6.950000 0.000000 0.000000
-6.925000 0.000000 0.000000
-6.900000 0.000000 0.000000
-6.875000 0.000000 0.000000
-6.850000 0.000000 0.000000
-6.825000 0.000000 0.000000
-6.800000 0.000000 0.000000
-6.775000 0.000000 0.000000
-6.750000 0.000000 0.000000
-6.725000 0.000000 0.000000
-6.700000 0.000000 0.000000
-6.675000 0.000000 0.000000
-6.650000 0.000000 0.000000
-6.625000 0.000000 0.000000
-6.600000 0.000000 0.000000
-6.575000 0.000000 0.000000
-6.550000 0.000000 0.000000
-6.525000 0.000000 0.000000
-6.500000 0.000000 0.000000
-6.475000 0.000000 0.000000
-6.450000 0.000000 0.000000
-6.425000 0.000000 0.000000
-6.400000 0.000000 0.000000
-6.375000 0.000000 0.000000
-6.350000 0.000000 0.000000
-6.325000 0.000000 0.000000
-6.300000 0.000000 0.000000
-6.275000 0.000000 0.000000
-6.250000 0.000000 0.000000
-6.225000 0.000000 0.000000
-6.200000 0.000000 0.000000
-6.175000 0.000000 0.000000
-6.150000 0.000000 0.000000
-6.125000 0.000000 0.000000
-6.100000 0.000000 0.000000
-6.075000 0.000000 0.000000
-6.050000 0.000000 0.000000
-6.025000 0.000000 0.000000
-6.000000 0.000000 0.000000
-5.975000 0.000000 0.000000
-5.950000 0.000000 0.000000
-5.925000 0.000000 0.000000
-5.900000 0.000000 0.000000
-5.875000 0.000000 0.000000
-5.850000 0.000000 0.000000
-5.825000 0.000000 0.000000
-5.800000 0.000000 0.000000
-5.775000 0.000000 0.000000
-5.750000 0.000000 0.000000
-5.725000 0.000000 0.000000
-5.700000 0.000000 0.000000
-5.675000 0.000000 0.000000
-5.650000 0.000000 0.000000
-5.625000 0.000000 0.000000
-5.600000 0.000000 0.000000
-5.575000 0.000000 0.000000
-5.550000 0.000000 0.000000
-5.525000 0.000000 0.000000
-5.500000 0.000000 0.000000
-5.475000 0.000000 0.000000
-5.450000 0.000000 0.000000
-5.425000 0.000000 0.000000
-5.400000 0.000000 0.000000
-5.375000 0.000000 0.000000
-5.350000 0.000000 0.000000
-5.325000 0.000000 0.000000
-5.300000 0.000000 0.000000
-5.275000 0.000000 0.000000
-5.250000 0.000000 0.000000
-5.225000 0.000000 0.000000
-5.200000 0.000000 0.000000
-5.175000 0.000000 0.000000
-5.150000 0.000000 0.000000
-5.125000 0.000000 0.000000
-5.100000 0.000000 0.000000
-5.075000 0.000000 0.000000
-5.050000 0.000000 0.000000
-5.025000 0.000000 0.000000
-5.000000 0.000000 0.000000
-4.975000 0.000000 0.000000
-4.950000 0.000000 0.000000
-4.925000 0.000000 0.000000
-4.900000 0.000000 0.000000
-4.875000 0.000000 0.000000
-4.850000 0.000000 0.000000
-4.825000 0.000000 0.000000
-4.800000 0.000000 0.000000
-4.775000 0.000000 0.000000
-4.750000 0.000000 0.000000
-4.725000 0.000000 0.000000
-4.700000 0.000000 0.000000
-4.675000 0.000000 0.000000
-4.650000 0.000000 0.000000
-4.625000 0.000000 0.000000
-4.600000 0.000000 0.000000
-4.575000 0.000000 0.000000
-4.550000 0.000000 0.000000
-4.525000 0.000000 0.000000
-4.500000 0.000000 0.000000
-4.475000 0.000000 0.000000
-4.450000 0.000000 0.000000
-4.425000 0.000000 0.000000
-4.400000 0.000000 0.000000
-4.375000 0.000000 0.000000
-4.350000 0.000000 0.000000
-4.325000 0.000000 0.000000
-4.300000 0.000000 0.000000
-4.275000 0.000000 0.000000
-4.250000 0.000000 0.000000
-4.225000 0.000000 0.000000
-4.200000 0.000000 0.000000
-4.175000 0.000000 0.000000
-4.150000 0.000000 0.000000
-4.125000 0.000000 0.000000
-4.100000 0.000000 0.000000
-4.075000 0.000000 0.000000
-4.050000 0.000000 0.000000
-4.025000 0.000000 0.000000
-4.000000 0.000000 0.000000
-3.975000 0.000000 0.000000
-3.950000 0.000000 0.000000
-3.925000 0.000000 0.000000
-3.900000 0.000000 0.000000
-3.875000 0.000000 0.000000
-3.850000 0.000000 0.000000
-3.825000 0.000000 0.000000
-3.800000 0.000000 0.000000
-3.775000 0.000000 0.000000
-3.750000 0.000000 0.000000
-3.725000 0.000000 0.000000
-3.700000 0.000000 0.000000
-3.675000 0.000000 0.000000
-3.650000 0.000000 0.000000
-3.625000 0.000000 0.000000
-3.600000 0.000000 0.000000
-3.575000 0.000000 0.000000
-3.550000 0.000000 0.000000
-3.525000 0.000000 0.000000
-3.500000 0.000000 0.000000
-3.475000 0.000000 0.000000
-3.450000 0.000000 0.000000
-3.425000 0.000000 0.000000
-3.400000 0.000000 0.000000
-3.375000 0.000000 0.000000
-3.350000 0.000000 0.000000
-3.325000 0.000000 0.000000
-3.300000 0.000000 0.000000
-3.275000 0.000000 0.000000
-3.250000 0.000000 0.000000
-3.225000 0.000000 0.000000
-3.200000 0.000000 0.000000
-3.175000 0.000000 0.000000
-3.150000 0.000000 0.000000
-3.125000 0.000000 0.000000
-3.100000 0.000000 0.000000
-3.075000 0.000000 0.000000
-3.050000 0.000000 0.000000
-3.025000 0.000000 0.000000
-3.000000 0.000000 0.000000
-2.975000 0.000000 0.000000
-2.950000 0.000000 0.000000
-2.925000 0.000000 0.000000
-2.900000 0.000000 0.000000
-2.875000 0.000000 0.000000
-2.850000 0.000000 0.000000
-2.825000 0.000000 0.000000
-2.800000 0.000000 0.000000
-2.775000 0.000000 0.000000
-2.750000 0.000000 0.000000
-2.725000 0.000000 0.000000
-2.700000 0.000000 0.000000
-2.675000 0.000000 0.000000
-2.650000 0.000000 0.000000
-2.625000 0.000000 0.000000
-2.600000 0.000000 0.000000
-2.575000 0.000000 0.000000
-2.550000 0.000000 0.000000
-2.525000 0.000000 0.000000
-2.500000 0.000000 0.000000
-2.475000 0.000000 0.000000
-2.450000 0.000000 0.000000
-2.425000 0.000000 0.000000
-2.400000 0.000000 0.000000
-2.375000 0.000000 0.000000
-2.350000 0.000000 0.000000
-2.325000 0.000000 0.000000
-2.300000 0.000000 0.000000
-2.275000 0.000000 0.000000
-2.250000 0.000000 0.000000
-2.225000 0.000000 0.000000
-2.200000 0.000000 0.000000
-2.175000 0.000000 0.000000
-2.150000 0.000000 0.000000
-2.125000 0.000000 0.000000
-2.100000 0.000000 0.000000
-2.075000 0.000000 0.000000
-2.050000 0.000000 0.000000
-2.025000 0.000000 0.000000
-2.000000 0.000000 0.000000
-1.975000 0.000000 0.000000
-1.950000 0.000000 0.000000
-1.925000 0.000000 0.000000
-1.900000 0.000000 0.000000
-1.875000 0.000000 0.000000
-1.850000 0.000000 0.000000
-1.825000 0.000000 0.000000
-1.800000 0.000000 0.000000
-1.775000 0.000000 0.000000
-1.750000 0.000000 0.000000
-1.725000 0.000000 0.000000
-1.700000 0.000000 0.000000
-1.675000 0.000000 0.000000
-1.650000 0.000000 0.000000
-1.625000 0.000000 0.000000
-1.600000 0.000000 0.000000
-1.575000 0.000000 0.000000
-1.550000 0.000000 0.000000
-1.525000 0.000000 0.000000
-1.500000 0.000000 0.000000
-1.475000 0.000000 0.000000
-1.450000 0.000000 0.000000
-1.425000 0.000000 0.000000
-1.400000 0.000000 0.000000
-1.375000 0.000000 0.000000
-1.350000 0.000000 0.000000
-1.325000 0.000000 0.000000
-1.300000 0.000000 0.000000
-1.275000 0.000000 0.000000
-1.250000 0.000000 0.000000
-1.225000 0.000000 0.000000
-1.200000 0.000000 0.000000
-1.175000 0.000000 0.000000
-1.150000 0.000000 0.000000
-1.125000 0.000000 0.000000
-1.100000 0.000000 0.000000
-1.075000 0.000000 0.000000
-1.050000 0.000000 0.000000
-1.025000 0.000000 0.000000
-1.000000 0.000000 0.000000
-0.975000 0.000000 0.000000
-0.950000 0.000000 0.000000
-0.925000 0.000000 0.000000
-0.900000 0.000000 0.000000
-0.875000 0.000000 0.000000
-0.850000 0.000000 0.000000
-0.825000 0.000000 0.000000
-0.800000 0.000000 0.000000
-0.775000 0.000000 0.000000
-0.750000 0.000000 0.000000
-0.725000 0.000000 0.000000
-0.700000 0.000000 0.000000
-0.675000 0.000000 0.000000
-0.650000 0.000000 0.000001
-0.625000 0.000000 0.000001
-0.600000 0.000000 0.000001
-0.575000 0.000000 0.000001
-0.550000 0.000000 0.000001
-0.525000 0.000000 0.000001
-0.500000 0.000001 0.000001
-0.475000 0.000001 0.000001
-0.450000 0.000001 0.000001
-0.425000 0.000001 0.000001
-0.400000 0.000001 0.000001
-0.375000 0.000001 0.000001
-0.350000 0.000001 0.000002
-0.325000 0.000001 0.000002
-0.300000 0.000001 0.000002
-0.275000 0.000001 0.000002
-0.250000 0.000001 0.000002
-0.225000 0.000002 0.000003
-0.200000 0.000002 0.000003
-0.175000 0.000002 0.000003
-0.150000 0.000002 0.000003
-0.125000 0.000002 0.000004
-0.100000 0.000002 0.000004
-0.075000 0.000003 0.000004
-0.050000 0.000003 0.000005
-0.025000 0.000003 0.000005
0.000000 0.000003 0.000006
0.025000 0.000004 0.000006
0.050000 0.000004 0.000007
0.075000 0.000005 0.000008
0.100000 0.000005 0.000008
0.125000 0.000006 0.000009
0.150000 0.000006 0.000010
0.175000 0.000007 0.000011
0.200000 0.000007 0.000012
0.225000 0.000008 0.000014
0.250000 0.000009 0.000015
0.275000 0.000010 0.000016
0.300000 0.000011 0.000018
0.325000 0.000012 0.000020
0.350000 0.000013 0.000022
0.375000 0.000014 0.000024
0.400000 0.000016 0.000026
0.425000 0.000017 0.000028
0.450000 0.000019 0.000031
0.475000 0.000021 0.000034
0.500000 0.000023 0.000038
0.525000 0.000025 0.000041
0.550000 0.000027 0.000045
0.575000 0.000030 0.000050
0.600000 0.000033 0.000055
0.625000 0.000036 0.000060
0.650000 0.000040 0.000066
0.675000 0.000043 0.000072
0.700000 0.000048 0.000080
0.725000 0.000052 0.000087
0.750000 0.000057 0.000096
0.775000 0.000063 0.000105
0.800000 0.000069 0.000115
0.825000 0.000076 0.000127
0.850000 0.000083 0.000139
0.875000 0.000092 0.000153
0.900000 0.000100 0.000168
0.925000 0.000110 0.000184
0.950000 0.000121 0.000202
0.975000 0.000133 0.000222
1.000000 0.000146 0.000243
1.025000 0.000160 0.000267
1.050000 0.000176 0.000293
1.075000 0.000193 0.000322
1.100000 0.000212 0.000353
1.125000 0.000232 0.000388
1.150000 0.000255 0.000426
1.175000 0.000280 0.000467
1.200000 0.000307 0.000513
1.225000 0.000337 0.000563
1.250000 0.000370 0.000618
1.275000 0.000406 0.000678
1.300000 0.000446 0.000744
1.325000 0.000490 0.000817
1.350000 0.000537 0.000896
1.375000 0.000589 0.000984
1.400000 0.000647 0.001079
1.425000 0.000710 0.001184
1.450000 0.000779 0.001299
1.475000 0.000854 0.001426
1.500000 0.000937 0.001564
1.525000 0.001028 0.001716
1.550000 0.001128 0.001882
1.575000 0.001237 0.002065
1.600000 0.001357 0.002264
1.625000 0.001488 0.002483
1.650000 0.001632 0.002723
1.675000 0.001789 0.002986
1.700000 0.001962 0.003273
1.725000 0.002150 0.003588
1.750000 0.002357 0.003932
1.775000 0.002582 0.004309
1.800000 0.002829 0.004721
1.825000 0.003099 0.005171
1.850000 0.003394 0.005664
1.875000 0.003717 0.006201
1.900000 0.004068 0.006788
1.925000 0.004452 0.007429
1.950000 0.004871 0.008127
1.975000 0.005327 0.008888
2.000000 0.005823 0.009717
2.025000 0.006364 0.010619
2.050000 0.006952 0.011599
2.075000 0.007590 0.012664
2.100000 0.008283 0.013820
2.125000 0.009033 0.015072
2.150000 0.009846 0.016428
2.175000 0.010725 0.017894
2.200000 0.011673 0.019477
2.225000 0.012695 0.021183
2.250000 0.013795 0.023017
2.275000 0.014976 0.024988
2.300000 0.016241 0.027099
2.325000 0.017594 0.029356
2.350000 0.019036 0.031763
2.375000 0.020570 0.034323
2.400000 0.022197 0.037037
2.425000 0.023916 0.039904
2.450000 0.025725 0.042924
2.475000 0.027624 0.046092
2.500000 0.029606 0.049399
2.525000 0.031667 0.052838
2.550000 0.033798 0.056393
2.575000 0.035989 0.060049
2.600000 0.038228 0.063786
2.625000 0.040501 0.067578
2.650000 0.042790 0.071398
2.675000 0.045077 0.075214
2.700000 0.047340 0.078990
2.725000 0.049557 0.082689
2.750000 0.051702 0.086268
2.775000 0.053750 0.089685
2.800000 0.055675 0.092897
2.825000 0.057450 0.095858
2.850000 0.059049 0.098527
2.875000 0.060450 0.100863
2.900000 0.061628 0.102830
2.925000 0.062566 0.104395
2.950000 0.063248 0.105532
2.975000 0.063661 0.106222
3.000000 0.063800 0.106454
3.025000 0.063661 0.106222
3.050000 0.063248 0.105532
3.075000 0.062566 0.104395
3.100000 0.061628 0.102830
3.125000 0.060450 0.100863
3.150000 0.059049 0.098527
3.175000 0.057450 0.095858
3.200000 0.055675 0.092897
3.225000 0.053750 0.089685
3.250000 0.051702 0.086268
3.275000 0.049557 0.082689
3.300000 0.047340 0.078990
3.325000 0.045077 0.075214
3.350000 0.042790 0.071398
3.375000 0.040501 0.067578
3.400000 0.038228 0.063786
3.425000 0.035989 0.060049
3.450000 0.033798 0.056393
3.475000 0.031667 0.052838
3.500000 0.029606 0.049399
3.525000 0.027624 0.046092
3.550000 0.025725 0.042924
3.575000 0.023916 0.039904
3.600000 0.022197 0.037037
3.625000 0.020570 0.034323
3.650000 0.019036 0.031763
3.675000 0.017594 0.029356
3.700000 0.016241 0.027099
3.725000 0.014976 0.024988
3.750000 0.013795 0.023017
3.775000 0.012695 0.021183
3.800000 0.011673 0.019477
3.825000 0.010725 0.017894
3.850000 0.009846 0.016428
3.875000 0.009033 0.015072
3.900000 0.008283 0.013820
3.925000 0.007590 0.012664
3.950000 0.006952 0.011599
3.975000 0.006364 0.010619
4.000000 0.005823 0.009717
4.025000 0.005327 0.008888
4.050000 0.004871 0.008127
4.075000 0.004452 0.007429
4.100000 0.004068 0.006788
4.125000 0.003717 0.006201
4.150000 0.003394 0.005664
4.175000 0.003099 0.005171
4.200000 0.002829 0.004721
4.225000 0.002582 0.004309
4.250000 0.002357 0.003932
4.275000 0.002150 0.003588
4.300000 0.001962 0.003273
4.325000 0.001789 0.002986
4.350000 0.001632 0.002723
4.375000 0.001488 0.002483
4.400000 0.001357 0.002264
4.425000 0.001237 0.002065
4.450000 0.001128 0.001882
4.475000 0.001028 0.001716
4.500000 0.000937 0.001564
4.525000 0.000854 0.001426
4.550000 0.000779 0.001299
4.575000 0.000710 0.001184
4.600000 0.000647 0.001079
4.625000 0.000589 0.000984
4.650000 0.000537 0.000896
4.675000 0.000490 0.000817
4.700000 0.000446 0.000744
4.725000 0.000406 0.000678
4.750000 0.000370 0.000618
4.775000 0.000337 0.000563
4.800000 0.000307 0.000513
4.825000 0.000280 0.000467
4.850000 0.000255 0.000426
4.875000 0.000232 0.000388
4.900000 0.000212 0.000353
4.925000 0.000193 0.000322
4.950000 0.000176 0.000293
4.975000 0.000160 0.000267
5.000000 0.000146 0.000243
5.025000 0.000133 0.000222
5.050000 0.000121 0.000202
5.075000 0.000110 0.000184
5.100000 0.000100 0.000168
5.125000 0.000092 0.000153
5.150000 0.000083 0.000139
5.175000 0.000076 0.000127
5.200000 0.000069 0.000115
5.225000 0.000063 0.000105
5.250000 0.000057 0.000096
5.275000 0.000052 0.000087
5.300000 0.000048 0.000080
5.325000 0.000043 0.000072
5.350000 0.000040 0.000066
5.375000 0.000036 0.000060
5.400000 0.000033 0.000055
5.425000 0.000030 0.000050
5.450000 0.000027 0.000045
5.475000 0.000025 0.000041
5.500000 0.000023 0.000038
5.525000 0.000021 0.000034
5.550000 0.000019 0.000031
5.575000 0.000017 0.000028
5.600000 0.000016 0.000026
5.625000 0.000014 0.000024
5.650000 0.000013 0.000022
5.675000 0.000012 0.000020
5.700000 0.000011 0.000018
5.725000 0.000010 0.000016
5.750000 0.000009 0.000015
5.775000 0.000008 0.000014
5.800000 0.000007 0.000012
5.825000 0.000007 0.000011
5.850000 0.000006 0.000010
5.875000 0.000006 0.000009
5.900000 0.000005 0.000008
5.925000 0.000005 0.000008
5.950000 0.000004 0.000007
5.975000 0.000004 0.000006
6.000000 0.000003 0.000006
6.025000 0.000003 0.000005
6.050000 0.000003 0.000005
6.075000 0.000003 0.000004
6.100000 0.000002 0.000004
6.125000 0.000002 0.000004
6.150000 0.000002 0.000003
6.175000 0.000002 0.000003
6.200000 0.000002 0.000003
6.225000 0.000002 0.000003
6.250000 0.000001 0.000002
6.275000 0.000001 0.000002
6.300000 0.000001 0.000002
6.325000 0.000001 0.000002
6.350000 0.000001 0.000002
6.375000 0.000001 0.000001
6.400000 0.000001 0.000001
6.425000 0.000001 0.000001
6.450000 0.000001 0.000001
6.475000 0.000001 0.000001
6.500000 0.000001 0.000001
6.525000 0.000000 0.000001
6.550000 0.000000 0.000001
6.575000 0.000000 0.000001
6.600000 0.000000 0.000001
6.625000 0.000000 0.000001
6.650000 0.000000 0.000001
6.675000 0.000000 0.000000
6.700000 0.000000 0.000000
6.725000 0.000000 0.000000
6.750000 0.000000 0.000000
6.775000 0.000000 0.000000
6.800000 0.000000 0.000000
6.825000 0.000000 0.000000
6.850000 0.000000 0.000000
6.875000 0.000000 0.000000
6.900000 0.000000 0.000000
6.925000 0.000000 0.000000
6.950000 0.000000 0.000000
6.975000 0.000000 0.000000
7.000000 0.000000 0.000000
7.025000 0.000000 0.000000
7.050000 0.000000 0.000000
7.075000 0.000000 0.000000
7.100000 0.000000 0.000000
7.125000 0.000000 0.000000
7.150000 0.000000 0.000000
7.175000 0.000000 0.000000
7.200000 0.000000 0.000000
7.225000 0.000000 0.000000
7.250000 0.000000 0.000000
7.275000 0.000000 0.000000
7.300000 0.000000 0.000000
7.325000 0.000000 0.000000
7.350000 0.000000 0.000000
7.375000 0.000000 0.000000
7.400000 0.000000 0.000000
7.425000 0.000000 0.000000
7.450000 0.000000 0.000000
7.475000 0.000000 0.000000
7.500000 0.000000 0.000000
7.525000 0.000000 0.000000
7.550000 0.000000 0.000000
7.575000 0.000000 0.000000
7.600000 0.000000 0.000000
7.625000 0.000000 0.000000
7.650000 0.000000 0.000000
7.675000 0.000000 0.000000
7.700000 0.000000 0.000000
7.725000 0.000000 0.000000
7.750000 0.000000 0.000000
7.775000 0.000000 0.000000
7.800000 0.000000 0.000000
7.825000 0.000000 0.000000
7.850000 0.000000 0.000000
7.875000 0.000000 0.000000
7.900000 0.000000 0.000000
7.925000 0.000000 0.000000
7.950000 0.000000 0.000000
7.975000 0.000000 0.000000
8.000000 0.000000 0.000000
8.025000 0.000000 0.000000
8.050000 0.000000 0.000000
8.075000 0.000000 0.000000
8.100000 0.000000 0.000000
8.125000 0.000000 0.000000
8.150000 0.000000 0.000000
8.175000 0.000000 0.000000
8.200000 0.000000 0.000000
8.225000 0.000000 0.000000
8.250000 0.000000 0.000000
8.275000 0.000000 0.000000
8.300000 0.000000 0.000000
8.325000 0.000000 0.000000
8.350000 0.000000 0.000000
8.375000 0.000000 0.000000
8.400000 0.000000 0.000000
8.425000 0.000000 0.000000
8.450000 0.000000 0.000000
8.475000 0.000000 0.000000
8.500000 0.000000 0.000000
8.525000 0.000000 0.000000
8.550000 0.000000 0.000000
8.575000 0.000000 0.000000
8.600000 0.000000 0.000000
8.625000 0.000000 0.000000
8.650000 0.000000 0.000000
8.675000 0.000000 0.000000
8.700000 0.000000 0.000000
8.725000 0.000000 0.000000
8.750000 0.000000 0.000000
8.775000 0.000000 0.000000
8.800000 0.000000 0.000000
8.825000 0.000000 0.000000
8.850000 0.000000 0.000000
8.875000 0.000000 0.000000
8.900000 0.000000 0.000000
8.925000 0.000000 0.000000
8.950000 0.000000 0.000000
8.975000 0.000000 0.000000
9.000000 0.000000 0.000000
9.025000 0.000000 0.000000
9.050000 0.000000 0.000000
9.075000 0.000000 0.000000
9.100000 0.000000 0.000000
9.125000 0.000000 0.000000
9.150000 0.000000 0.000000
9.175000 0.000000 0.000000
9.200000 0.000000 0.000000
9.225000 0.000000 0.000000
9.250000 0.000000 0.000000
9.275000 0.000000 0.000000
9.300000 0.000000 0.000000
9.325000 0.000000 0.000000
9.350000 0.000000 0.000000
9.375000 0.000000 0.000000
9.400000 0.000000 0.000000
9.425000 0.000000 0.000000
9.450000 0.000000 0.000000
9.475000 0.000000 0.000000
9.500000 0.000000 0.000000
9.525000 0.000000 0.000000
9.550000 0.000000 0.000000
9.575000 0.000000 0.000000
9.600000 0.000000 0.000000
9.625000 0.000000 0.000000
9.650000 0.000000 0.000000
9.675000 0.000000 0.000000
9.700000 0.000000 0.000000
9.725000 0.000000 0.000000
9.750000 0.000000 0.000000
9.775000 0.000000 0.000000
9.800000 0.000000 0.000000
9.825000 0.000000 0.000000
9.850000 0.000000 0.000000
9.875000 0.000000 0.000000
9.900000 0.000000 0.000000
9.925000 0.000000 0.000000
9.950000 0.000000 0.000000
9.975000 0.000000 0.000000
10.000000 0.000000 0.000000
10.025000 0.000000 0.000000
10.050000 0.000000 0.000000
10.075000 0.000000 0.000000
10.100000 0.000000 0.000000
10.125000 0.000000 0.000000
10.150000 0.000000 0.000000
10.175000 0.000000 0.000000
10.200000 0.000000 0.000000
10.225000 0.000000 0.000000
10.250000 0.000000 0.000000
10.275000 0.000000 0.000000
10.300000 0.000000 0.000000
10.325000 0.000000 0.000000
10.350000 0.000000 0.000000
10.375000 0.000000 0.000000
10.400000 0.000000 0.000000
10.425000 0.000000 0.000000
10.450000 0.000000 0.000000
10.475000 0.000000 0.000000
10.500000 0.000000 0.000000
10.525000 0.000000 0.000000
10.550000 0.000000 0.000000
10.575000 0.000000 0.000000
10.600000 0.000000 0.000000
10.625000 0.000000 0.000000
10.650000 0.000000 0.000000
10.675000 0.000000 0.000000
10.700000 0.000000 0.000000
10.725000 0.000000 0.000000
10.750000 0.000000 0.000000
10.775000 0.000000 0.000000
10.800000 0.000000 0.000000
10.825000 0.000000 0.000000
10.850000 0.000000 0.000000
10.875000 0.000000 0.000000
10.900000 0.000000 0.000000
10.925000 0.000000 0.000000
10.950000 0.000000 0.000000
10.975000 0.000000 0.000000
11.000000 0.000000 0.000000
11.025000 0.000000 0.000000
11.050000 0.000000 0.000000
11.075000 0.000000 0.000000
11.100000 0.000000 0.000000
11.125000 0.000000 0.000000
11.150000 0.000000 0.000000
11.175000 0.000000 0.000000
11.200000 0.000000 0.000000
11.225000 0.000000 0.000000
11.250000 0.000000 0.000000
11.275000 0.000000 0.000000
11.300000 0.000000 0.000000
11.325000 0.000000 0.000000
11.350000 0.000000 0.000000
11.375000 0.000000 0.000000
11.400000 0.000000 0.000000
11.425000 0.000000 0.000000
11.450000 0.000000 0.000000
11.475000 0.000000 0.000000
11.500000 0.000000 0.000000
11.525000 0.000000 0.000000
11.550000 0.000000 0.000000
11.575000 0.000000 0.000000
11.600000 0.000000 0.000000
11.625000 0.000000 0.000000
11.650000 0.000000 0.000000
11.675000 0.000000 0.000000
11.700000 0.000000 0.000000
11.725000 0.000000 0.000000
11.750000 0.000000 0.000000
11.775000 0.000000 0.000000
11.800000 0.000000 0.000000
11.825000 0.000000 0.000000
11.850000 0.000000 0.000000
11.875000 0.000000 0.000000
11.900000 0.000000 0.000000
11.925000 0.000000 0.000000
11.950000 0.000000 0.000000
11.975000 0.000000 0.000000
12.000000 0.000000 0.000000
12.025000 0.000000 0.000000
12.050000 0.000000 0.000000
12.075000 0.000000 0.000000
12.100000 0.000000 0.000000
12.125000 0.000000 0.000000
12.150000 0.000000 0.000000
12.175000 0.000000 0.000000
12.200000 0.000000 0.000000
12.225000 0.000000 0.000000
12.250000 0.000000 0.000000
12.275000 0.000000 0.000000
12.300000 0.000000 0.000000
12.325000 0.000000 0.000000
12.350000 0.000000 0.000000
12.375000 0.000000 0.000000
12.400000 0.000000 0.000000
12.425000 0.000000 0.000000
12.450000 0.000000 0.000000
12.475000 0.000000 0.000000
12.500000 0.000000 0.000000
12.525000 0.000000 0.000000
12.550000 0.000000 0.000000
12.575000 0.000000 0.000000
12.600000 0.000000 0.000000
12.625000 0.000000 0.000000
12.650000 0.000000 0.000000
12.675000 0.000000 0.000000
12.700000 0.000000 0.000000
12.725000 0.000000 0.000000
12.750000 0.000000 0.000000
12.775000 0.000000 0.000000
12.800000 0.000000 0.000000
12.825000 0.000000 0.000000
12.850000 0.000000 0.000000
12.875000 0.000000 0.000000
12.900000 0.000000 0.000000
12.925000 0.000000 0.000000
12.950000 0.000000 0.000000
12.975000 0.000000 0.000000
13.000000 0.000000 0.000000
13.025000 0.000000 0.000000
13.050000 0.000000 0.000000
13.075000 0.000000 0.000000
13.100000 0.000000 0.000000
13.125000 0.000000 0.000000
13.150000 0.000000 0.000000
13.175000 0.000000 0.000000
13.200000 0.000000 0.000000
13.225000 0.000000 0.000000
13.250000 0.000000 0.000000
13.275000 0.000000 0.000000
13.300000 0.000000 0.000000
13.325000 0.000000 0.000000
13.350000 0.000000 0.000000
13.375000 0.000000 0.000000
13.400000 0.000000 0.000000
13.425000 0.000000 0.000000
13.450000 0.000000 0.000000
13.475000 0.000000 0.000000
13.500000 0.000000 0.000000
13.525000 0.000000 0.000000
13.550000 0.000000 0.000000
13.575000 0.000000 0.000000
13.600000 0.000000 0.000000
13.625000 0.000000 0.000000
13.650000 0.000000 0.000000
13.675000 0.000000 0.000000
13.700000 0.000000 0.000000
13.725000 0.000000 0.000000
13.750000 0.000000 0.000000
13.775000 0.003760 0.000000
13.800000 0.010010 0.000000
13.825000 0.016260 0.000000
13.850000 0.022510 0.000000
13.875000 0.028760 0.000000
13.900000 0.035010 0.000000
13.925000 0.036010 0.000017
13.950000 0.034899 0.000017
13.975000 0.021010 0.000017
14.000000 0.007121 0.000017
14.025000 -0.006768 0.000017
14.050000 -0.017490 0.000017
14.075000 -0.016240 0.000017
14.100000 -0.014990 0.000017
14.125000 -0.013740 0.000017
14.150000 -0.012490 0.000017
14.175000 -0.011240 0.000017
14.200000 -0.009990 0.000017
14.225000 -0.008740 0.000017
14.250000 -0.007490 0.000017
14.275000 -0.006240 0.000017
14.300000 -0.004990 0.000017
14.325000 -0.003740 0.000017
14.350000 -0.002490 0.000017
14.375000 -0.001240 0.000017
14.400000 0.000010 0.000017
14.425000 0.001260 0.000017
14.450000 0.002510 0.000017
14.475000 0.003760 0.000017
14.500000 0.005010 0.000017
14.525000 0.006260 0.000017
14.550000 0.007510 0.000017
14.575000 0.008760 0.000017
14.600000 0.010010 0.000017
14.625000 0.011260 0.000017
14.650000 0.012510 0.000017
14.675000 0.013760 0.000017
14.700000 0.015010 0.000017
14.725000 0.016260 0.000017
14.750000 0.017510 0.000017
14.775000 0.018760 0.000017
14.800000 0.020010 0.000017
14.825000 0.021260 0.000017
14.850000 0.022510 0.000017
14.875000 0.023760 0.000017
14.900000 0.025010 0.000017
14.925000 0.026260 0.000017
14.950000 0.027510 0.000017
14.975000 0.028760 0.000017
15.000000 0.030010 0.000017
15.025000 0.031260 0.000017
15.050000 0.032510 0.000017
15.075000 0.033760 0.000017
15.100000 0.035010 0.000017
15.125000 0.036260 0.000017
15.150000 0.037510 0.000017
15.175000 0.038760 0.000017
15.200000 0.040010 0.000017
15.225000 0.041260 0.000017
15.250000 0.042510 0.000017
15.275000 0.043760 0.000017
15.300000 0.045010 0.000017
15.325000 0.046260 0.000017
15.350000 0.047510 0.000017
15.375000 0.048760 0.000017
15.400000 0.050010 0.000017
15.425000 0.051260 0.000017
15.450000 0.052510 0.000017
15.475000 0.053760 0.000017
15.500000 0.055010 0.000017
15.525000 0.056260 0.000017
15.550000 0.057510 0.000017
15.575000 0.058760 0.000017
15.600000 0.060010 0.000017
15.625000 0.061260 0.000017
15.650000 0.062510 0.000017
15.675000 0.063760 0.000017
15.700000 0.065010 0.000017
15.725000 0.066260 0.000017
15.750000 0.067510 0.000017
15.775000 0.068760 0.000017
15.800000 0.070010 0.000017
15.825000 0.071260 0.000017
15.850000 0.072510 0.000017
15.875000 0.073760 0.000017
15.900000 0.075010 0.000017
15.925000 0.076260 0.000017
15.950000 0.077510 0.000017
15.975000 0.078760 0.000017
16.000000 0.080010 0.000017
16.025000 0.081260 0.000017
16.050000 0.082510 0.000017
16.075000 0.083760 0.000017
16.100000 0.085010 0.000017
16.125000 0.086260 0.000017
16.150000 0.087510 0.000017
16.175000 0.088760 0.000017
16.200000 0.090010 0.000017
16.225000 0.091260 0.000017
16.250000 0.092510 0.000017
16.275000 0.093760 0.000017
16.300000 0.095010 0.000017
16.325000 0.096260 0.000017
16.350000 0.097510 0.000017
16.375000 0.098760 0.000017
16.400000 0.100010 0.000017
16.425000 0.101260 0.000017
16.450000 0.102510 0.000017
16.475000 0.103760 0.000017
16.500000 0.105010 0.000017
16.525000 0.106260 0.000017
16.550000 0.107510 0.000017
16.575000 0.108760 0.000017
16.600000 0.110010 0.000017
16.625000 0.111260 0.000017
16.650000 0.112510 0.000017
16.675000 0.113760 0.000017
16.700000 0.115010 0.000017
16.725000 0.116260 0.000017
16.750000 0.117510 0.000017
16.775000 0.118760 0.000017
16.800000 0.120010 0.000017
16.825000 0.121260 0.000017
16.850000 0.122510 0.000017
16.875000 0.123760 0.000017
16.900000 0.125010 0.000017
16.925000 0.126260 0.000017
16.950000 0.127510 0.000017
16.975000 0.128760 0.000017
17.000000 0.130010 0.000017
17.025000 0.131260 0.000017
17.050000 0.132510 0.000017
17.075000 0.133760 0.000017
17.100000 0.135010 0.000017
17.125000 0.136260 0.000017
17.150000 0.137510 0.000017
17.175000 0.138760 0.000017
17.200000 0.140010 0.000017
17.225000 0.141260 0.000017
17.250000 0.142510 0.000017
17.275000 0.143760 0.000017
17.300000 0.145010 0.000017
17.325000 0.146260 0.000017
17.350000 0.147510 0.000017
17.375000 0.148760 0.000017
17.400000 0.150010 0.000017
17.425000 0.151260 0.000017
17.450000 0.152510 0.000017
17.475000 0.153760 0.000017
17.500000 0.155010 0.000017
17.525000 0.156260 0.000017
17.550000 0.157510 0.000017
17.575000 0.158760 0.000017
17.600000 0.160010 0.000017
17.625000 0.161260 0.000017
17.650000 0.162510 0.000017
17.675000 0.163760 0.000017
17.700000 0.165010 0.000017
17.725000 0.166260 0.000017
17.750000 0.167510 0.000017
17.775000 0.168760 0.000017
17.800000 0.170010 0.000017
17.825000 0.171260 0.000017
17.850000 0.172510 0.000017
17.875000 0.173760 0.000017
17.900000 0.175010 0.000017
17.925000 0.176260 0.000017
17.950000 0.177510 0.000017
17.975000 0.178760 0.000017
18.000000 0.180010 0.000017
18.025000 0.181260 0.000017
18.050000 0.182510 0.000017
18.075000 0.183760 0.000017
18.100000 0.185010 0.000017
18.125000 0.186260 0.000017
18.150000 0.187510 0.000017
18.175000 0.188760 0.000017
18.200000 0.190010 0.000017
18.225000 0.191260 0.000017
18.250000 0.192510 0.000017
18.275000 0.193760 0.000017
18.300000 0.195010 0.000017
18.325000 0.196260 0.000017
18.350000 0.197510 0.000017
18.375000 0.198760 0.000017
18.400000 0.200010 0.000017
18.425000 0.201260 0.000017
18.450000 0.202510 0.000017
18.475000 0.203760 0.000017
18.500000 0.205010 0.000017
18.525000 0.206260 0.000017
18.550000 0.207510 0.000017
18.575000 0.208760 0.000017
18.600000 0.210010 0.000017
18.625000 0.211260 0.000017
18.650000 0.212510 0.000017
18.675000 0.213760 0.000017
18.700000 0.215010 0.000017
18.725000 0.216260 0.000017
18.750000 0.217510 0.000017
18.775000 0.218760 0.000017
18.800000 0.220010 0.000017
18.825000 0.221260 0.000017
18.850000 0.222510 0.000017
18.875000 0.223760 0.000017
18.900000 0.225010 0.000017
18.925000 0.226260 0.000017
18.950000 0.227510 0.000017
18.975000 0.228760 0.000017
19.000000 0.230010 0.000017
19.025000 0.231260 0.000017
19.050000 0.232510 0.000017
19.075000 0.233760 0.000017
19.100000 0.235010 0.000017
19.125000 0.236260 0.000017
19.150000 0.237510 0.000017
19.175000 0.238760 0.000017
19.200000 0.240010 0.000017
19.225000 0.241260 0.000017
19.250000 0.242510 0.000017
19.275000 0.243760 0.000017
19.300000 0.245010 0.000017
19.325000 0.246260 0.000017
19.350000 0.247510 0.000017
19.375000 0.248760 0.000017
19.400000 0.250010 0.000017
19.425000 0.251260 0.000017
19.450000 0.252510 0.000017
19.475000 0.253760 0.000017
19.500000 0.255010 0.000017
19.525000 0.256260 0.000017
19.550000 0.257510 0.000017
19.575000 0.258760 0.000017
19.600000 0.260010 0.000017
19.625000 0.261260 0.000017
19.650000 0.262510 0.000017
19.675000 0.263760 0.000017
19.700000 0.265010 0.000017
19.725000 0.266260 0.000017
19.750000 0.267510 0.000017
19.775000 0.268760 0.000017
19.800000 0.270010 0.000017
19.825000 0.271260 0.000017
19.850000 0.272510 0.000017
19.875000 0.273760 0.000017
19.900000 0.275010 0.000017
19.925000 0.276260 0.000017
19.950000 0.277510 0.000017
19.975000 0.278760 0.000017
20.000000 0.280010 0.000017
20.025000 0.281260 0.000017
20.050000 0.282510 0.000017
20.075000 0.283760 0.000017
20.100000 0.285010 0.000017
20.125000 0.286260 0.000017
20.150000 0.287510 0.000017
20.175000 0.288760 0.000017
20.200000 0.290010 0.000017
20.225000 0.291260 0.000017
20.250000 0.292510 0.000017
20.275000 0.293760 0.000017
20.300000 0.295010 0.000017
20.325000 0.296260 0.000017
20.350000 0.297510 0.000017
20.375000 0.298760 0.000017
20.400000 0.300010 0.000017
20.425000 0.301260 0.000017
20.450000 0.302510 0.000017
20.475000 0.303760 0.000017
20.500000 0.305010 0.000017
20.525000 0.306260 0.000017
20.550000 0.307510 0.000017
20.575000 0.308760 0.000017
20.600000 0.310010 0.000017
20.625000 0.311260 0.000017
20.650000 0.312510 0.000017
20.675000 0.313760 0.000017
20.700000 0.315010 0.000017
20.725000 0.316260 0.000017
20.750000 0.317510 0.000017
20.775000 0.318760 0.000017
20.800000 0.320010 0.000017
20.825000 0.321260 0.000017
20.850000 0.322510 0.000017
20.875000 0.323760 0.000017
20.900000 0.325010 0.000017
20.925000 0.326260 0.000017
20.950000 0.327510 0.000017
20.975000 0.328760 0.000017
21.000000 0.330010 0.000017
21.025000 0.331260 0.000017
21.050000 0.332510 0.000017
21.075000 0.333760 0.000017
21.100000 0.335010 0.000017
21.125000 0.336260 0.000017
21.150000 0.337510 0.000017
21.175000 0.338760 0.000017
21.200000 0.340010 0.000017
21.225000 0.341260 0.000017
21.250000 0.342510 0.000017
21.275000 0.343760 0.000017
21.300000 0.345010 0.000017
21.325000 0.346260 0.000017
21.350000 0.347510 0.000017
21.375000 0.348760 0.000017
21.400000 0.350010 0.000017
21.425000 0.351260 0.000017
21.450000 0.352510 0.000017
21.475000 0.353760 0.000017
21.500000 0.355010 0.000017
21.525000 0.356260 0.000017
21.550000 0.357510 0.000017
21.575000 0.358760 0.000017
21.600000 0.360010 0.000017
21.625000 0.361260 0.000017
21.650000 0.362510 0.000017
21.675000 0.363760 0.000017
21.700000 0.365010 0.000017
21.725000 0.366260 0.000017
21.750000 0.367510 0.000017
21.775000 0.368760 0.000017
21.800000 0.370010 0.000017
21.825000 0.371260 0.000017
21.850000 0.372510 0.000017
21.875000 0.373760 0.000017
21.900000 0.375010 0.000017
21.925000 0.376260 0.000017
21.950000 0.377510 0.000017
21.975000 0.378760 0.000017
22.000000 0.380010 0.000017
22.025000 0.381260 0.000017
22.050000 0.382510 0.000017
22.075000 0.383760 0.000017
22.100000 0.385010 0.000017
22.125000 0.386260 0.000017
22.150000 0.387510 0.000017
22.175000 0.388760 0.000017
22.200000 0.390010 0.000017
22.225000 0.391260 0.000017
22.250000 0.392510 0.000017
22.275000 0.393760 0.000017
22.300000 0.395010 0.000017
22.325000 0.396260 0.000017
22.350000 0.397510 0.000017
22.375000 0.398760 0.000017
22.400000 0.400010 0.000017
22.425000 0.401260 0.000017
22.450000 0.402510 0.000017
22.475000 0.403760 0.000017
22.500000 0.405010 0.000017
22.525000 0.406260 0.000017
22.550000 0.407510 0.000017
22.575000 0.408760 0.000017
22.600000 0.410010 0.000017
22.625000 0.411260 0.000017
22.650000 0.412510 0.000017
22.675000 0.413760 0.000017
22.700000 0.415010 0.000017
22.725000 0.416260 0.000017
22.750000 0.417510 0.000017
22.775000 0.418760 0.000017
22.800000 0.420010 0.000017
22.825000 0.421260 0.000017
22.850000 0.422510 0.000017
22.875000 0.423760 0.000017
22.900000 0.425010 0.000017
22.925000 0.426260 0.000017
22.950000 0.427510 0.000017
22.975000 0.428760 0.000017
23.000000 0.430010 0.000017
23.025000 0.431260 0.000017
23.050000 0.432510 0.000017
23.075000 0.433760 0.000017
23.100000 0.435010 0.000017
23.125000 0.436260 0.000017
23.150000 0.437510 0.000017
23.175000 0.438760 0.000017
23.200000 0.440010 0.000017
23.225000 0.441260 0.000017
23.250000 0.442510 0.000017
23.275000 0.443760 0.000017
23.300000 0.445010 0.000017
23.325000 0.446260 0.000017
23.350000 0.447510 0.000017
23.375000 0.448760 0.000017
23.400000 0.450010 0.000017
23.425000 0.451260 0.000017
23.450000 0.452510 0.000017
23.475000 0.453760 0.000017
23.500000 0.455010 0.000017
23.525000 0.456260 0.000017
23.550000 0.457510 0.000017
23.575000 0.458760 0.000017
23.600000 0.460010 0.000017
23.625000 0.461260 0.000017
23.650000 0.462510 0.000017
23.675000 0.463760 0.000017
23.700000 0.465010 0.000017
23.725000 0.466260 0.000017
23.750000 0.467510 0.000017
23.775000 0.468760 0.000017
23.800000 0.470010 0.000017
23.825000 0.471260 0.000017
23.850000 0.472510 0.000017
23.875000 0.473760 0.000017
23.900000 0.475010 0.000017
23.925000 0.476260 0.000017
23.950000 0.477510 0.000017
23.975000 0.478760 0.000017
24.000000 0.480010 0.000017
24.025000 0.481260 0.000017
24.050000 0.482510 0.000017
24.075000 0.483760 0.000017
24.100000 0.485010 0.000017
24.125000 0.486260 0.000017
24.150000 0.487510 0.000017
24.175000 0.488760 0.000017
24.200000 0.490010 0.000017
24.225000 0.491260 0.000017
24.250000 0.492510 0.000017
24.275000 0.493760 0.000017
24.300000 0.495010 0.000017
24.325000 0.496260 0.000017
24.350000 0.497510 0.000017
24.375000 0.498760 0.000017
24.400000 0.500010 0.000017
24.425000 0.501260 0.000017
24.450000 0.502510 0.000017
24.475000 0.503760 0.000017
24.500000 0.505010 0.000017
24.525000 0.506260 0.000017
24.550000 0.507510 0.000017
24.575000 0.508760 0.000017
24.600000 0.510010 0.000017
24.625000 0.511260 0.000017
24.650000 0.512510 0.000017
24.675000 0.513760 0.000017
24.700000 0.515010 0.000017
24.725000 0.516260 0.000017
24.750000 0.517510 0.000017
24.775000 0.518760 0.000017
24.800000 0.520010 0.000017
24.825000 0.521260 0.000017
24.850000 0.522510 0.000017
24.875000 0.523760 0.000017
24.900000 0.525010 0.000017
24.925000 0.526260 0.000017
24.950000 0.527510 0.000017
24.975000 0.528760 0.000017
25.000000 0.530010 0.000017
