Hsiao_Case_3
NODAL
1401
-10.000000 0.000000 0.000000
-9.975000 0.000000 0.000000
-9.950000 0.000000 0.000000
-9.925000 0.000000 0.000000
-9.900000 0.000000 0.000000
-9.875000 0.000000 0.000000
-9.850000 0.000000 0.000000
-9.825000 0.000000 0.000000
-9.800000 0.000000 0.000000
-9.775000 0.000000 0.000000
-9.750000 0.000000 0.000000
-9.725000 0.000000 0.000000
-9.700000 0.000000 0.000000
-9.675000 0.000000 0.000000
-9.650000 0.000000 0.000000
-9.625000 0.000000 0.000000
-9.600000 0.000000 0.000000
-9.575000 0.000000 0.000000
-9.550000 0.000000 0.000000
-9.525000 0.000000 0.000000
-9.500000 0.000000 0.000000
-9.475000 0.000000 0.000000
-9.450000 0.000000 0.000000
-9.425000 0.000000 0.000000
-9.400000 0.000000 0.000000
-9.375000 0.000000 0.000000
-9.350000 0.000000 0.000000
-9.325000 0.000000 0.000000
-9.300000 0.000000 0.000000
-9.275000 0.000000 0.000000
-9.250000 0.000000 0.000000
-9.225000 0.000000 0.000000
-9.200000 0.000000 0.000000
-9.175000 0.000000 0.000000
-9.150000 0.000000 0.000000
-9.125000 0.000000 0.000000
-9.100000 0.000000 0.000000
-9.075000 0.000000 0.000000
-9.050000 0.000000 0.000000
-9.025000 0.000000 0.000000
-9.000000 0.000000 0.000000
-8.975000 0.000000 0.000000
-8.950000 0.000000 0.000000
-8.925000 0.000000 0.000000
-8.900000 0.000000 0.000000
-8.875000 0.000000 0.000000
-8.850000 0.000000 0.000000
-8.825000 0.000000 0.000000
-8.800000 0.000000 0.000000
-8.775000 0.000000 0.000000
-8.750000 0.000000 0.000000
-8.725000 0.000000 0.000000
-8.700000 0.000000 0.000000
-8.675000 0.000000 0.000000
-8.650000 0.000000 0.000000
-8.625000 0.000000 0.000000
-8.600000 0.000000 0.000000
-8.575000 0.000000 0.000000
-8.550000 0.000000 0.000000
-8.525000 0.000000 0.000000
-8.500000 0.000000 0.000000
-8.475000 0.000000 0.000000
-8.450000 0.000000 0.000000
-8.425000 0.000000 0.000000
-8.400000 0.000000 0.000000
-8.375000 0.000000 0.000000
-8.350000 0.000000 0.000000
-8.325000 0.000000 0.000000
-8.300000 0.000000 0.000000
-8.275000 0.000000 0.000000
-8.250000 0.000000 0.000000
-8.225000 0.000000 0.000000
-8.200000 0.000000 0.000000
-8.175000 0.000000 0.000000
-8.150000 0.000000 0.000000
-8.125000 0.000000 0.000000
-8.100000 0.000000 0.000000
-8.075000 0.000000 0.000000
-8.050000 0.000000 0.000000
-8.025000 0.000000 0.000000
-8.000000 0.000000 0.000000
-7.975000 0.000000 0.000000
-7.950000 0.000000 0.000000
-7.925000 0.000000 0.000000
-7.900000 0.000000 0.000000
-7.875000 0.000000 0.000000
-7.850000 0.000000 0.000000
-7.825000 0.000000 0.000000
-7.800000 0.000000 0.000000
-7.775000 0.000000 0.000000
-7.750000 0.000000 0.000000
-7.725000 0.000000 0.000000
-7.700000 0.000000 0.000000
-7.675000 0.000000 0.000000
-7.650000 0.000000 0.000000
-7.625000 0.000000 0.000000
-7.600000 0.000000 0.000000
-7.575000 0.000000 0.000000
-7.550000 0.000000 0.000000
-7.525000 0.000000 0.000000
-7.500000 0.000000 0.000000
-7.475000 0.000000 0.000000
-7.450000 0.000000 0.000000
-7.425000 0.000000 0.000000
-7.400000 0.000000 0.000000
-7.375000 0.000000 0.000000
-7.350000 0.000000 0.000000
-7.325000 0.000000 0.000000
-7.300000 0.000000 0.000000
-7.275000 0.000000 0.000000
-7.250000 0.000000 0.000000
-7.225000 0.000000 0.000000
-7.200000 0.000000 0.000000
-7.175000 0.000000 0.000000
-7.150000 0.000000 0.000000
-7.125000 0.000000 0.000000
-7.100000 0.000000 0.000000
-7.075000 0.000000 0.000000
-7.050000 0.000000 0.000000
-7.025000 0.000000 0.000000
-7.000000 0.000000 0.000000
-6.975000 0.000000 0.000000
-6.950000 0.000000 0.000000
-6.925000 0.000000 0.000000
-6.900000 0.000000 0.000000
-6.875000 0.000000 0.000000
-6.850000 0.000000 0.000000
-6.825000 0.000000 0.000000
-6.800000 0.000000 0.000000
-6.775000 0.000000 0.000000
-6.750000 0.000000 0.000000
-6.725000 0.000000 0.000000
-6.700000 0.000000 0.000000
-6.675000 0.000000 0.000000
-6.650000 0.000000 0.000000
-6.625000 0.000000 0.000000
-6.600000 0.000000 0.000000
-6.575000 0.000000 0.000000
-6.550000 0.000000 0.000000
-6.525000 0.000000 0.000000
-6.500000 0.000000 0.000000
-6.475000 0.000000 0.000000
-6.450000 0.000000 0.000000
-6.425000 0.000000 0.000000
-6.400000 0.000000 0.000000
-6.375000 0.000000 0.000000
-6.350000 0.000000 0.000000
-6.325000 0.000000 0.000000
-6.300000 0.000000 0.000000
-6.275000 0.000000 0.000000
-6.250000 0.000000 0.000000
-6.225000 0.000000 0.000000
-6.200000 0.000000 0.000000
-6.175000 0.000000 0.000000
-6.150000 0.000000 0.000000
-6.125000 0.000000 0.000000
-6.100000 0.000000 0.000000
-6.075000 0.000000 0.000000
-6.050000 0.000000 0.000000
-6.025000 0.000000 0.000000
-6.000000 0.000000 0.000000
-5.975000 0.000000 0.000000
-5.950000 0.000000 0.000000
-5.925000 0.000000 0.000000
-5.900000 0.000000 0.000000
-5.875000 0.000000 0.000000
-5.850000 0.000000 0.000000
-5.825000 0.000000 0.000000
-5.800000 0.000000 0.000000
-5.775000 0.000000 0.000000
-5.750000 0.000000 0.000000
-5.725000 0.000000 0.000000
-5.700000 0.000000 0.000000
-5.675000 0.000000 0.000000
-5.650000 0.000000 0.000000
-5.625000 0.000000 0.000000
-5.600000 0.000000 0.000000
-5.575000 0.000000 0.000000
-5.550000 0.000000 0.000000
-5.525000 0.000000 0.000000
-5.500000 0.000000 0.000000
-5.475000 0.000000 0.000000
-5.450000 0.000000 0.000000
-5.425000 0.000000 0.000000
-5.400000 0.000000 0.000000
-5.375000 0.000000 0.000000
-5.350000 0.000000 0.000000
-5.325000 0.000000 0.000000
-5.300000 0.000000 0.000000
-5.275000 0.000000 0.000000
-5.250000 0.000000 0.000000
-5.225000 0.000000 0.000000
-5.200000 0.000000 0.000000
-5.175000 0.000000 0.000000
-5.150000 0.000000 0.000000
-5.125000 0.000000 0.000000
-5.100000 0.000000 0.000000
-5.075000 0.000000 0.000000
-5.050000 0.000000 0.000000
-5.025000 0.000000 0.000000
-5.000000 0.000000 0.000000
-4.975000 0.000000 0.000000
-4.950000 0.000000 0.000000
-4.925000 0.000000 0.000000
-4.900000 0.000000 0.000000
-4.875000 0.000000 0.000000
-4.850000 0.000000 0.000000
-4.825000 0.000000 0.000000
-4.800000 0.000000 0.000000
-4.775000 0.000000 0.000000
-4.750000 0.000000 0.000000
-4.725000 0.000000 0.000000
-4.700000 0.000000 0.000000
-4.675000 0.000000 0.000000
-4.650000 0.000000 0.000000
-4.625000 0.000000 0.000000
-4.600000 0.000000 0.000000
-4.575000 0.000000 0.000000
-4.550000 0.000000 0.000000
-4.525000 0.000000 0.000000
-4.500000 0.000000 0.000000
-4.475000 0.000000 0.000000
-4.450000 0.000000 0.000000
-4.425000 0.000000 0.000000
-4.400000 0.000000 0.000000
-4.375000 0.000000 0.000000
-4.350000 0.000000 0.000000
-4.325000 0.000000 0.000000
-4.300000 0.000000 0.000000
-4.275000 0.000000 0.000000
-4.250000 0.000000 0.000000
-4.225000 0.000000 0.000000
-4.200000 0.000000 0.000000
-4.175000 0.000000 0.000000
-4.150000 0.000000 0.000000
-4.125000 0.000000 0.000000
-4.100000 0.000000 0.000000
-4.075000 0.000000 0.000000
-4.050000 0.000000 0.000000
-4.025000 0.000000 0.000000
-4.000000 0.000000 0.000000
-3.975000 0.000000 0.000000
-3.950000 0.000000 0.000000
-3.925000 0.000000 0.000000
-3.900000 0.000000 0.000000
-3.875000 0.000000 0.000000
-3.850000 0.000000 0.000000
-3.825000 0.000000 0.000000
-3.800000 0.000000 0.000000
-3.775000 0.000000 0.000000
-3.750000 0.000000 0.000000
-3.725000 0.000000 0.000000
-3.700000 0.000000 0.000000
-3.675000 0.000000 0.000000
-3.650000 0.000000 0.000000
-3.625000 0.000000 0.000000
-3.600000 0.000000 0.000000
-3.575000 0.000000 0.000000
-3.550000 0.000000 0.000000
-3.525000 0.000000 0.000000
-3.500000 0.000000 0.000000
-3.475000 0.000000 0.000000
-3.450000 0.000000 0.000000
-3.425000 0.000000 0.000000
-3.400000 0.000000 0.000000
-3.375000 0.000000 0.000000
-3.350000 0.000000 0.000000
-3.325000 0.000000 0.000000
-3.300000 0.000000 0.000000
-3.275000 0.000000 0.000000
-3.250000 0.000000 0.000000
-3.225000 0.000000 0.000000
-3.200000 0.000000 0.000000
-3.175000 0.000000 0.000000
-3.150000 0.000000 0.000000
-3.125000 0.000000 0.000000
-3.100000 0.000000 0.000000
-3.075000 0.000000 0.000000
-3.050000 0.000000 0.000000
-3.025000 0.000000 0.000000
-3.000000 0.000000 0.000000
-2.975000 0.000000 0.000000
-2.950000 0.000000 0.000000
-2.925000 0.000000 0.000000
-2.900000 0.000000 0.000000
-2.875000 0.000000 0.000000
-2.850000 0.000000 0.000000
-2.825000 0.000000 0.000000
-2.800000 0.000000 0.000000
-2.775000 0.000000 0.000000
-2.750000 0.000000 0.000000
-2.725000 0.000000 0.000000
-2.700000 0.000000 0.000000
-2.675000 0.000000 0.000000
-2.650000 0.000000 0.000000
-2.625000 0.000000 0.000000
-2.600000 0.000000 0.000000
-2.575000 0.000000 0.000000
-2.550000 0.000000 0.000000
-2.525000 0.000000 0.000000
-2.500000 0.000000 0.000000
-2.475000 0.000000 0.000000
-2.450000 0.000000 0.000000
-2.425000 0.000000 0.000000
-2.400000 0.000000 0.000000
-2.375000 0.000000 0.000000
-2.350000 0.000000 0.000000
-2.325000 0.000000 0.000000
-2.300000 0.000000 0.000000
-2.275000 0.000000 0.000000
-2.250000 0.000000 0.000000
-2.225000 0.000000 0.000000
-2.200000 0.000000 0.000000
-2.175000 0.000000 0.000000
-2.150000 0.000000 0.000000
-2.125000 0.000000 0.000000
-2.100000 0.000000 0.000000
-2.075000 0.000000 0.000000
-2.050000 0.000000 0.000000
-2.025000 0.000000 0.000000
-2.000000 0.000000 0.000000
-1.975000 0.000000 0.000000
-1.950000 0.000000 0.000000
-1.925000 0.000000 0.000000
-1.900000 0.000000 0.000000
-1.875000 0.000000 0.000000
-1.850000 0.000000 0.000000
-1.825000 0.000000 0.000000
-1.800000 0.000000 0.000000
-1.775000 0.000000 0.000000
-1.750000 0.000000 0.000000
-1.725000 0.000000 0.000000
-1.700000 0.000000 0.000000
-1.675000 0.000000 0.000000
-1.650000 0.000000 0.000001
-1.625000 0.000000 0.000001
-1.600000 0.000000 0.000001
-1.575000 0.000000 0.000001
-1.550000 0.000000 0.000001
-1.525000 0.000000 0.000001
-1.500000 0.000000 0.000001
-1.475000 0.000000 0.000001
-1.450000 0.000001 0.000001
-1.425000 0.000001 0.000001
-1.400000 0.000001 0.000001
-1.375000 0.000001 0.000001
-1.350000 0.000001 0.000001
-1.325000 0.000001 0.000001
-1.300000 0.000001 0.000001
-1.275000 0.000001 0.000002
-1.250000 0.000001 0.000002
-1.225000 0.000001 0.000002
-1.200000 0.000001 0.000002
-1.175000 0.000001 0.000002
-1.150000 0.000001 0.000002
-1.125000 0.000001 0.000002
-1.100000 0.000001 0.000003
-1.075000 0.000002 0.000003
-1.050000 0.000002 0.000003
-1.025000 0.000002 0.000003
-1.000000 0.000002 0.000003
-0.975000 0.000002 0.000004
-0.950000 0.000002 0.000004
-0.925000 0.000002 0.000004
-0.900000 0.000003 0.000005
-0.875000 0.000003 0.000005
-0.850000 0.000003 0.000005
-0.825000 0.000003 0.000006
-0.800000 0.000003 0.000006
-0.775000 0.000004 0.000007
-0.750000 0.000004 0.000007
-0.725000 0.000004 0.000008
-0.700000 0.000005 0.000008
-0.675000 0.000005 0.000009
-0.650000 0.000005 0.000010
-0.625000 0.000006 0.000010
-0.600000 0.000006 0.000011
-0.575000 0.000007 0.000012
-0.550000 0.000007 0.000013
-0.525000 0.000008 0.000014
-0.500000 0.000008 0.000015
-0.475000 0.000009 0.000016
-0.450000 0.000010 0.000017
-0.425000 0.000010 0.000018
-0.400000 0.000011 0.000020
-0.375000 0.000012 0.000021
-0.350000 0.000013 0.000023
-0.325000 0.000014 0.000025
-0.300000 0.000015 0.000027
-0.275000 0.000016 0.000029
-0.250000 0.000017 0.000031
-0.225000 0.000019 0.000033
-0.200000 0.000020 0.000036
-0.175000 0.000022 0.000038
-0.150000 0.000023 0.000041
-0.125000 0.000025 0.000044
-0.100000 0.000027 0.000048
-0.075000 0.000029 0.000051
-0.050000 0.000031 0.000055
-0.025000 0.000034 0.000059
0.000000 0.000036 0.000064
0.025000 0.000039 0.000069
0.050000 0.000042 0.000074
0.075000 0.000045 0.000079
0.100000 0.000049 0.000085
0.125000 0.000052 0.000092
0.150000 0.000056 0.000099
0.175000 0.000061 0.000106
0.200000 0.000065 0.000114
0.225000 0.000070 0.000123
0.250000 0.000075 0.000132
0.275000 0.000081 0.000143
0.300000 0.000087 0.000153
0.325000 0.000094 0.000165
0.350000 0.000101 0.000177
0.375000 0.000109 0.000191
0.400000 0.000117 0.000205
0.425000 0.000126 0.000221
0.450000 0.000135 0.000238
0.475000 0.000146 0.000256
0.500000 0.000157 0.000275
0.525000 0.000168 0.000296
0.550000 0.000181 0.000318
0.575000 0.000195 0.000343
0.600000 0.000210 0.000368
0.625000 0.000226 0.000396
0.650000 0.000243 0.000426
0.675000 0.000261 0.000459
0.700000 0.000281 0.000493
0.725000 0.000302 0.000531
0.750000 0.000325 0.000571
0.775000 0.000349 0.000614
0.800000 0.000376 0.000661
0.825000 0.000404 0.000711
0.850000 0.000435 0.000764
0.875000 0.000468 0.000822
0.900000 0.000503 0.000884
0.925000 0.000541 0.000951
0.950000 0.000582 0.001023
0.975000 0.000626 0.001100
1.000000 0.000673 0.001183
1.025000 0.000724 0.001272
1.050000 0.000778 0.001368
1.075000 0.000837 0.001471
1.100000 0.000900 0.001582
1.125000 0.000968 0.001701
1.150000 0.001041 0.001829
1.175000 0.001119 0.001967
1.200000 0.001203 0.002114
1.225000 0.001293 0.002273
1.250000 0.001390 0.002444
1.275000 0.001494 0.002627
1.300000 0.001606 0.002823
1.325000 0.001726 0.003034
1.350000 0.001855 0.003261
1.375000 0.001994 0.003504
1.400000 0.002142 0.003765
1.425000 0.002302 0.004046
1.450000 0.002473 0.004346
1.475000 0.002656 0.004668
1.500000 0.002853 0.005014
1.525000 0.003064 0.005385
1.550000 0.003289 0.005782
1.575000 0.003532 0.006207
1.600000 0.003791 0.006663
1.625000 0.004068 0.007151
1.650000 0.004366 0.007673
1.675000 0.004683 0.008232
1.700000 0.005023 0.008829
1.725000 0.005387 0.009468
1.750000 0.005775 0.010150
1.775000 0.006190 0.010879
1.800000 0.006632 0.011657
1.825000 0.007104 0.012487
1.850000 0.007608 0.013371
1.875000 0.008144 0.014313
1.900000 0.008714 0.015316
1.925000 0.009321 0.016383
1.950000 0.009966 0.017516
1.975000 0.010651 0.018720
2.000000 0.011377 0.019996
2.025000 0.012146 0.021348
2.050000 0.012961 0.022780
2.075000 0.013821 0.024293
2.100000 0.014730 0.025890
2.125000 0.015688 0.027574
2.150000 0.016697 0.029346
2.175000 0.017756 0.031208
2.200000 0.018868 0.033162
2.225000 0.020032 0.035209
2.250000 0.021249 0.037347
2.275000 0.022518 0.039577
2.300000 0.023838 0.041897
2.325000 0.025208 0.044305
2.350000 0.026626 0.046798
2.375000 0.028091 0.049372
2.400000 0.029598 0.052021
2.425000 0.031143 0.054738
2.450000 0.032724 0.057515
2.475000 0.034333 0.060344
2.500000 0.035966 0.063213
2.525000 0.037614 0.066111
2.550000 0.039271 0.069023
2.575000 0.040928 0.071936
2.600000 0.042576 0.074831
2.625000 0.044204 0.077693
2.650000 0.045803 0.080503
2.675000 0.047360 0.083241
2.700000 0.048866 0.085887
2.725000 0.050307 0.088420
2.750000 0.051673 0.090821
2.775000 0.052952 0.093068
2.800000 0.054131 0.095141
2.825000 0.055202 0.097022
2.850000 0.056152 0.098693
2.875000 0.056973 0.100136
2.900000 0.057657 0.101338
2.925000 0.058196 0.102286
2.950000 0.058586 0.102971
2.975000 0.058821 0.103384
3.000000 0.058900 0.103523
3.025000 0.058821 0.103384
3.050000 0.058586 0.102971
3.075000 0.058196 0.102286
3.100000 0.057657 0.101338
3.125000 0.056973 0.100136
3.150000 0.056152 0.098693
3.175000 0.055202 0.097022
3.200000 0.054131 0.095141
3.225000 0.052952 0.093068
3.250000 0.051673 0.090821
3.275000 0.050307 0.088420
3.300000 0.048866 0.085887
3.325000 0.047360 0.083241
3.350000 0.045803 0.080503
3.375000 0.044204 0.077693
3.400000 0.042576 0.074831
3.425000 0.040928 0.071936
3.450000 0.039271 0.069023
3.475000 0.037614 0.066111
3.500000 0.035966 0.063213
3.525000 0.034333 0.060344
3.550000 0.032724 0.057515
3.575000 0.031143 0.054738
3.600000 0.029598 0.052021
3.625000 0.028091 0.049372
3.650000 0.026626 0.046798
3.675000 0.025208 0.044305
3.700000 0.023838 0.041897
3.725000 0.022518 0.039577
3.750000 0.021249 0.037347
3.775000 0.020032 0.035209
3.800000 0.018868 0.033162
3.825000 0.017756 0.031208
3.850000 0.016697 0.029346
3.875000 0.015688 0.027574
3.900000 0.014730 0.025890
3.925000 0.013821 0.024293
3.950000 0.012961 0.022780
3.975000 0.012146 0.021348
4.000000 0.011377 0.019996
4.025000 0.010651 0.018720
4.050000 0.009966 0.017516
4.075000 0.009321 0.016383
4.100000 0.008714 0.015316
4.125000 0.008144 0.014313
4.150000 0.007608 0.013371
4.175000 0.007104 0.012487
4.200000 0.006632 0.011657
4.225000 0.006190 0.010879
4.250000 0.005775 0.010150
4.275000 0.005387 0.009468
4.300000 0.005023 0.008829
4.325000 0.004683 0.008232
4.350000 0.004366 0.007673
4.375000 0.004068 0.007151
4.400000 0.003791 0.006663
4.425000 0.003532 0.006207
4.450000 0.003289 0.005782
4.475000 0.003064 0.005385
4.500000 0.002853 0.005014
4.525000 0.002656 0.004668
4.550000 0.002473 0.004346
4.575000 0.002302 0.004046
4.600000 0.002142 0.003765
4.625000 0.001994 0.003504
4.650000 0.001855 0.003261
4.675000 0.001726 0.003034
4.700000 0.001606 0.002823
4.725000 0.001494 0.002627
4.750000 0.001390 0.002444
4.775000 0.001293 0.002273
4.800000 0.001203 0.002114
4.825000 0.001119 0.001967
4.850000 0.001041 0.001829
4.875000 0.000968 0.001701
4.900000 0.000900 0.001582
4.925000 0.000837 0.001471
4.950000 0.000778 0.001368
4.975000 0.000724 0.001272
5.000000 0.000673 0.001183
5.025000 0.000626 0.001100
5.050000 0.000582 0.001023
5.075000 0.000541 0.000951
5.100000 0.000503 0.000884
5.125000 0.000468 0.000822
5.150000 0.000435 0.000764
5.175000 0.000404 0.000711
5.200000 0.000376 0.000661
5.225000 0.000349 0.000614
5.250000 0.000325 0.000571
5.275000 0.000302 0.000531
5.300000 0.000281 0.000493
5.325000 0.000261 0.000459
5.350000 0.000243 0.000426
5.375000 0.000226 0.000396
5.400000 0.000210 0.000368
5.425000 0.000195 0.000343
5.450000 0.000181 0.000318
5.475000 0.000168 0.000296
5.500000 0.000157 0.000275
5.525000 0.000146 0.000256
5.550000 0.000135 0.000238
5.575000 0.000126 0.000221
5.600000 0.000117 0.000205
5.625000 0.000109 0.000191
5.650000 0.000101 0.000177
5.675000 0.000094 0.000165
5.700000 0.000087 0.000153
5.725000 0.000081 0.000143
5.750000 0.000075 0.000132
5.775000 0.000070 0.000123
5.800000 0.000065 0.000114
5.825000 0.000061 0.000106
5.850000 0.000056 0.000099
5.875000 0.000052 0.000092
5.900000 0.000049 0.000085
5.925000 0.000045 0.000079
5.950000 0.000042 0.000074
5.975000 0.000039 0.000069
6.000000 0.000036 0.000064
6.025000 0.000034 0.000059
6.050000 0.000031 0.000055
6.075000 0.000029 0.000051
6.100000 0.000027 0.000048
6.125000 0.000025 0.000044
6.150000 0.000023 0.000041
6.175000 0.000022 0.000038
6.200000 0.000020 0.000036
6.225000 0.000019 0.000033
6.250000 0.000017 0.000031
6.275000 0.000016 0.000029
6.300000 0.000015 0.000027
6.325000 0.000014 0.000025
6.350000 0.000013 0.000023
6.375000 0.000012 0.000021
6.400000 0.000011 0.000020
6.425000 0.000010 0.000018
6.450000 0.000010 0.000017
6.475000 0.000009 0.000016
6.500000 0.000008 0.000015
6.525000 0.000008 0.000014
6.550000 0.000007 0.000013
6.575000 0.000007 0.000012
6.600000 0.000006 0.000011
6.625000 0.000006 0.000010
6.650000 0.000005 0.000010
6.675000 0.000005 0.000009
6.700000 0.000005 0.000008
6.725000 0.000004 0.000008
6.750000 0.000004 0.000007
6.775000 0.000004 0.000007
6.800000 0.000003 0.000006
6.825000 0.000003 0.000006
6.850000 0.000003 0.000005
6.875000 0.000003 0.000005
6.900000 0.000003 0.000005
6.925000 0.000002 0.000004
6.950000 0.000002 0.000004
6.975000 0.000002 0.000004
7.000000 0.000002 0.000003
7.025000 0.000002 0.000003
7.050000 0.000002 0.000003
7.075000 0.000002 0.000003
7.100000 0.000001 0.000003
7.125000 0.000001 0.000002
7.150000 0.000001 0.000002
7.175000 0.000001 0.000002
7.200000 0.000001 0.000002
7.225000 0.000001 0.000002
7.250000 0.000001 0.000002
7.275000 0.000001 0.000002
7.300000 0.000001 0.000001
7.325000 0.000001 0.000001
7.350000 0.000001 0.000001
7.375000 0.000001 0.000001
7.400000 0.000001 0.000001
7.425000 0.000001 0.000001
7.450000 0.000001 0.000001
7.475000 0.000000 0.000001
7.500000 0.000000 0.000001
7.525000 0.000000 0.000001
7.550000 0.000000 0.000001
7.575000 0.000000 0.000001
7.600000 0.000000 0.000001
7.625000 0.000000 0.000001
7.650000 0.000000 0.000001
7.675000 0.000000 0.000000
7.700000 0.000000 0.000000
7.725000 0.000000 0.000000
7.750000 0.000000 0.000000
7.775000 0.000000 0.000000
7.800000 0.000000 0.000000
7.825000 0.000000 0.000000
7.850000 0.000000 0.000000
7.875000 0.000000 0.000000
7.900000 0.000000 0.000000
7.925000 0.000000 0.000000
7.950000 0.000000 0.000000
7.975000 0.000000 0.000000
8.000000 0.000000 0.000000
8.025000 0.000000 0.000000
8.050000 0.000000 0.000000
8.075000 0.000000 0.000000
8.100000 0.000000 0.000000
8.125000 0.000000 0.000000
8.150000 0.000000 0.000000
8.175000 0.000000 0.000000
8.200000 0.000000 0.000000
8.225000 0.000000 0.000000
8.250000 0.000000 0.000000
8.275000 0.000000 0.000000
8.300000 0.000000 0.000000
8.325000 0.000000 0.000000
8.350000 0.000000 0.000000
8.375000 0.000000 0.000000
8.400000 0.000000 0.000000
8.425000 0.000000 0.000000
8.450000 0.000000 0.000000
8.475000 0.000000 0.000000
8.500000 0.000000 0.000000
8.525000 0.000000 0.000000
8.550000 0.000000 0.000000
8.575000 0.000000 0.000000
8.600000 0.000000 0.000000
8.625000 0.000000 0.000000
8.650000 0.000000 0.000000
8.675000 0.000000 0.000000
8.700000 0.000000 0.000000
8.725000 0.000000 0.000000
8.750000 0.000000 0.000000
8.775000 0.000000 0.000000
8.800000 0.000000 0.000000
8.825000 0.000000 0.000000
8.850000 0.000000 0.000000
8.875000 0.000000 0.000000
8.900000 0.000000 0.000000
8.925000 0.000000 0.000000
8.950000 0.000000 0.000000
8.975000 0.000000 0.000000
9.000000 0.000000 0.000000
9.025000 0.000000 0.000000
9.050000 0.000000 0.000000
9.075000 0.000000 0.000000
9.100000 0.000000 0.000000
9.125000 0.000000 0.000000
9.150000 0.000000 0.000000
9.175000 0.000000 0.000000
9.200000 0.000000 0.000000
9.225000 0.000000 0.000000
9.250000 0.000000 0.000000
9.275000 0.000000 0.000000
9.300000 0.000000 0.000000
9.325000 0.000000 0.000000
9.350000 0.000000 0.000000
9.375000 0.000000 0.000000
9.400000 0.000000 0.000000
9.425000 0.000000 0.000000
9.450000 0.000000 0.000000
9.475000 0.000000 0.000000
9.500000 0.000000 0.000000
9.525000 0.000000 0.000000
9.550000 0.000000 0.000000
9.575000 0.000000 0.000000
9.600000 0.000000 0.000000
9.625000 0.000000 0.000000
9.650000 0.000000 0.000000
9.675000 0.000000 0.000000
9.700000 0.000000 0.000000
9.725000 0.000000 0.000000
9.750000 0.000000 0.000000
9.775000 0.000000 0.000000
9.800000 0.000000 0.000000
9.825000 0.000000 0.000000
9.850000 0.000000 0.000000
9.875000 0.000000 0.000000
9.900000 0.000000 0.000000
9.925000 0.000000 0.000000
9.950000 0.000000 0.000000
9.975000 0.000000 0.000000
10.000000 0.000000 0.000000
10.025000 0.000000 0.000000
10.050000 0.000000 0.000000
10.075000 0.000000 0.000000
10.100000 0.000000 0.000000
10.125000 0.000000 0.000000
10.150000 0.000000 0.000000
10.175000 0.000000 0.000000
10.200000 0.000000 0.000000
10.225000 0.000000 0.000000
10.250000 0.000000 0.000000
10.275000 0.000000 0.000000
10.300000 0.000000 0.000000
10.325000 0.000000 0.000000
10.350000 0.000000 0.000000
10.375000 0.000000 0.000000
10.400000 0.000000 0.000000
10.425000 0.000000 0.000000
10.450000 0.000000 0.000000
10.475000 0.000000 0.000000
10.500000 0.000000 0.000000
10.525000 0.000000 0.000000
10.550000 0.000000 0.000000
10.575000 0.000000 0.000000
10.600000 0.000000 0.000000
10.625000 0.000000 0.000000
10.650000 0.000000 0.000000
10.675000 0.000000 0.000000
10.700000 0.000000 0.000000
10.725000 0.000000 0.000000
10.750000 0.000000 0.000000
10.775000 0.000000 0.000000
10.800000 0.000000 0.000000
10.825000 0.000000 0.000000
10.850000 0.000000 0.000000
10.875000 0.000000 0.000000
10.900000 0.000000 0.000000
10.925000 0.000000 0.000000
10.950000 0.000000 0.000000
10.975000 0.000000 0.000000
11.000000 0.000000 0.000000
11.025000 0.000000 0.000000
11.050000 0.000000 0.000000
11.075000 0.000000 0.000000
11.100000 0.000000 0.000000
11.125000 0.000000 0.000000
11.150000 0.000000 0.000000
11.175000 0.000000 0.000000
11.200000 0.000000 0.000000
11.225000 0.000000 0.000000
11.250000 0.000000 0.000000
11.275000 0.000000 0.000000
11.300000 0.000000 0.000000
11.325000 0.000000 0.000000
11.350000 0.000000 0.000000
11.375000 0.000000 0.000000
11.400000 0.000000 0.000000
11.425000 0.000000 0.000000
11.450000 0.000000 0.000000
11.475000 0.000000 0.000000
11.500000 0.000000 0.000000
11.525000 0.000000 0.000000
11.550000 0.000000 0.000000
11.575000 0.000000 0.000000
11.600000 0.000000 0.000000
11.625000 0.000000 0.000000
11.650000 0.000000 0.000000
11.675000 0.000000 0.000000
11.700000 0.000000 0.000000
11.725000 0.000000 0.000000
11.750000 0.000000 0.000000
11.775000 0.000000 0.000000
11.800000 0.000000 0.000000
11.825000 0.000000 0.000000
11.850000 0.000000 0.000000
11.875000 0.000000 0.000000
11.900000 0.000000 0.000000
11.925000 0.000000 0.000000
11.950000 0.000000 0.000000
11.975000 0.000000 0.000000
12.000000 0.000000 0.000000
12.025000 0.000000 0.000000
12.050000 0.000000 0.000000
12.075000 0.000000 0.000000
12.100000 0.000000 0.000000
12.125000 0.000000 0.000000
12.150000 0.000000 0.000000
12.175000 0.000000 0.000000
12.200000 0.000000 0.000000
12.225000 0.000000 0.000000
12.250000 0.000000 0.000000
12.275000 0.000000 0.000000
12.300000 0.000000 0.000000
12.325000 0.000000 0.000000
12.350000 0.000000 0.000000
12.375000 0.000000 0.000000
12.400000 0.000000 0.000000
12.425000 0.000000 0.000000
12.450000 0.000000 0.000000
12.475000 0.000000 0.000000
12.500000 0.000000 0.000000
12.525000 0.000000 0.000000
12.550000 0.000000 0.000000
12.575000 0.000000 0.000000
12.600000 0.000000 0.000000
12.625000 0.000000 0.000000
12.650000 0.000000 0.000000
12.675000 0.000000 0.000000
12.700000 0.000000 0.000000
12.725000 0.000000 0.000000
12.750000 0.000000 0.000000
12.775000 0.000000 0.000000
12.800000 0.000000 0.000000
12.825000 0.000000 0.000000
12.850000 0.000000 0.000000
12.875000 0.000000 0.000000
12.900000 0.000000 0.000000
12.925000 0.000000 0.000000
12.950000 0.000000 0.000000
12.975000 0.000000 0.000000
13.000000 0.000000 0.000000
13.025000 0.000000 0.000000
13.050000 0.000000 0.000000
13.075000 0.000000 0.000000
13.100000 0.000000 0.000000
13.125000 0.000000 0.000000
13.150000 0.000000 0.000000
13.175000 0.000000 0.000000
13.200000 0.000000 0.000000
13.225000 0.000000 0.000000
13.250000 0.000000 0.000000
13.275000 0.000000 0.000000
13.300000 0.000000 0.000000
13.325000 0.000000 0.000000
13.350000 0.000000 0.000000
13.375000 0.000000 0.000000
13.400000 0.000000 0.000000
13.425000 0.000000 0.000000
13.450000 0.000000 0.000000
13.475000 0.000000 0.000000
13.500000 0.000000 0.000000
13.525000 0.000000 0.000000
13.550000 0.000000 0.000000
13.575000 0.000000 0.000000
13.600000 0.000000 0.000000
13.625000 0.000000 0.000000
13.650000 0.000000 0.000000
13.675000 0.000000 0.000000
13.700000 0.000000 0.000000
13.725000 0.000000 0.000000
13.750000 0.000000 0.000000
13.775000 0.000000 0.000000
13.800000 0.000000 0.000000
13.825000 0.000000 0.000000
13.850000 0.000000 0.000000
13.875000 0.000000 0.000000
13.900000 0.000000 0.000000
13.925000 0.000010 0.000018
13.950000 -0.001101 0.000018
13.975000 -0.014990 0.000018
14.000000 -0.028879 0.000018
14.025000 -0.042768 0.000018
14.050000 -0.053490 0.000018
14.075000 -0.052240 0.000018
14.100000 -0.050990 0.000018
14.125000 -0.049740 0.000018
14.150000 -0.048490 0.000018
14.175000 -0.047240 0.000018
14.200000 -0.045990 0.000018
14.225000 -0.044740 0.000018
14.250000 -0.043490 0.000018
14.275000 -0.042240 0.000018
14.300000 -0.040990 0.000018
14.325000 -0.039740 0.000018
14.350000 -0.038490 0.000018
14.375000 -0.037240 0.000018
14.400000 -0.035990 0.000018
14.425000 -0.034740 0.000018
14.450000 -0.033490 0.000018
14.475000 -0.032240 0.000018
14.500000 -0.030990 0.000018
14.525000 -0.029740 0.000018
14.550000 -0.028490 0.000018
14.575000 -0.027240 0.000018
14.600000 -0.025990 0.000018
14.625000 -0.024740 0.000018
14.650000 -0.023490 0.000018
14.675000 -0.022240 0.000018
14.700000 -0.020990 0.000018
14.725000 -0.019740 0.000018
14.750000 -0.018490 0.000018
14.775000 -0.017240 0.000018
14.800000 -0.015990 0.000018
14.825000 -0.014740 0.000018
14.850000 -0.013490 0.000018
14.875000 -0.012240 0.000018
14.900000 -0.010990 0.000018
14.925000 -0.009740 0.000018
14.950000 -0.008490 0.000018
14.975000 -0.007240 0.000018
15.000000 -0.005990 0.000018
15.025000 -0.004740 0.000018
15.050000 -0.003490 0.000018
15.075000 -0.002240 0.000018
15.100000 -0.000990 0.000018
15.125000 0.000260 0.000018
15.150000 0.001510 0.000018
15.175000 0.002760 0.000018
15.200000 0.004010 0.000018
15.225000 0.005260 0.000018
15.250000 0.006510 0.000018
15.275000 0.007760 0.000018
15.300000 0.009010 0.000018
15.325000 0.010260 0.000018
15.350000 0.011510 0.000018
15.375000 0.012760 0.000018
15.400000 0.014010 0.000018
15.425000 0.015260 0.000018
15.450000 0.016510 0.000018
15.475000 0.017760 0.000018
15.500000 0.019010 0.000018
15.525000 0.020260 0.000018
15.550000 0.021510 0.000018
15.575000 0.022760 0.000018
15.600000 0.024010 0.000018
15.625000 0.025260 0.000018
15.650000 0.026510 0.000018
15.675000 0.027760 0.000018
15.700000 0.029010 0.000018
15.725000 0.030260 0.000018
15.750000 0.031510 0.000018
15.775000 0.032760 0.000018
15.800000 0.034010 0.000018
15.825000 0.035260 0.000018
15.850000 0.036510 0.000018
15.875000 0.037760 0.000018
15.900000 0.039010 0.000018
15.925000 0.040260 0.000018
15.950000 0.041510 0.000018
15.975000 0.042760 0.000018
16.000000 0.044010 0.000018
16.025000 0.045260 0.000018
16.050000 0.046510 0.000018
16.075000 0.047760 0.000018
16.100000 0.049010 0.000018
16.125000 0.050260 0.000018
16.150000 0.051510 0.000018
16.175000 0.052760 0.000018
16.200000 0.054010 0.000018
16.225000 0.055260 0.000018
16.250000 0.056510 0.000018
16.275000 0.057760 0.000018
16.300000 0.059010 0.000018
16.325000 0.060260 0.000018
16.350000 0.061510 0.000018
16.375000 0.062760 0.000018
16.400000 0.064010 0.000018
16.425000 0.065260 0.000018
16.450000 0.066510 0.000018
16.475000 0.067760 0.000018
16.500000 0.069010 0.000018
16.525000 0.070260 0.000018
16.550000 0.071510 0.000018
16.575000 0.072760 0.000018
16.600000 0.074010 0.000018
16.625000 0.075260 0.000018
16.650000 0.076510 0.000018
16.675000 0.077760 0.000018
16.700000 0.079010 0.000018
16.725000 0.080260 0.000018
16.750000 0.081510 0.000018
16.775000 0.082760 0.000018
16.800000 0.084010 0.000018
16.825000 0.085260 0.000018
16.850000 0.086510 0.000018
16.875000 0.087760 0.000018
16.900000 0.089010 0.000018
16.925000 0.090260 0.000018
16.950000 0.091510 0.000018
16.975000 0.092760 0.000018
17.000000 0.094010 0.000018
17.025000 0.095260 0.000018
17.050000 0.096510 0.000018
17.075000 0.097760 0.000018
17.100000 0.099010 0.000018
17.125000 0.100260 0.000018
17.150000 0.101510 0.000018
17.175000 0.102760 0.000018
17.200000 0.104010 0.000018
17.225000 0.105260 0.000018
17.250000 0.106510 0.000018
17.275000 0.107760 0.000018
17.300000 0.109010 0.000018
17.325000 0.110260 0.000018
17.350000 0.111510 0.000018
17.375000 0.112760 0.000018
17.400000 0.114010 0.000018
17.425000 0.115260 0.000018
17.450000 0.116510 0.000018
17.475000 0.117760 0.000018
17.500000 0.119010 0.000018
17.525000 0.120260 0.000018
17.550000 0.121510 0.000018
17.575000 0.122760 0.000018
17.600000 0.124010 0.000018
17.625000 0.125260 0.000018
17.650000 0.126510 0.000018
17.675000 0.127760 0.000018
17.700000 0.129010 0.000018
17.725000 0.130260 0.000018
17.750000 0.131510 0.000018
17.775000 0.132760 0.000018
17.800000 0.134010 0.000018
17.825000 0.135260 0.000018
17.850000 0.136510 0.000018
17.875000 0.137760 0.000018
17.900000 0.139010 0.000018
17.925000 0.140260 0.000018
17.950000 0.141510 0.000018
17.975000 0.142760 0.000018
18.000000 0.144010 0.000018
18.025000 0.145260 0.000018
18.050000 0.146510 0.000018
18.075000 0.147760 0.000018
18.100000 0.149010 0.000018
18.125000 0.150260 0.000018
18.150000 0.151510 0.000018
18.175000 0.152760 0.000018
18.200000 0.154010 0.000018
18.225000 0.155260 0.000018
18.250000 0.156510 0.000018
18.275000 0.157760 0.000018
18.300000 0.159010 0.000018
18.325000 0.160260 0.000018
18.350000 0.161510 0.000018
18.375000 0.162760 0.000018
18.400000 0.164010 0.000018
18.425000 0.165260 0.000018
18.450000 0.166510 0.000018
18.475000 0.167760 0.000018
18.500000 0.169010 0.000018
18.525000 0.170260 0.000018
18.550000 0.171510 0.000018
18.575000 0.172760 0.000018
18.600000 0.174010 0.000018
18.625000 0.175260 0.000018
18.650000 0.176510 0.000018
18.675000 0.177760 0.000018
18.700000 0.179010 0.000018
18.725000 0.180260 0.000018
18.750000 0.181510 0.000018
18.775000 0.182760 0.000018
18.800000 0.184010 0.000018
18.825000 0.185260 0.000018
18.850000 0.186510 0.000018
18.875000 0.187760 0.000018
18.900000 0.189010 0.000018
18.925000 0.190260 0.000018
18.950000 0.191510 0.000018
18.975000 0.192760 0.000018
19.000000 0.194010 0.000018
19.025000 0.195260 0.000018
19.050000 0.196510 0.000018
19.075000 0.197760 0.000018
19.100000 0.199010 0.000018
19.125000 0.200260 0.000018
19.150000 0.201510 0.000018
19.175000 0.202760 0.000018
19.200000 0.204010 0.000018
19.225000 0.205260 0.000018
19.250000 0.206510 0.000018
19.275000 0.207760 0.000018
19.300000 0.209010 0.000018
19.325000 0.210260 0.000018
19.350000 0.211510 0.000018
19.375000 0.212760 0.000018
19.400000 0.214010 0.000018
19.425000 0.215260 0.000018
19.450000 0.216510 0.000018
19.475000 0.217760 0.000018
19.500000 0.219010 0.000018
19.525000 0.220260 0.000018
19.550000 0.221510 0.000018
19.575000 0.222760 0.000018
19.600000 0.224010 0.000018
19.625000 0.225260 0.000018
19.650000 0.226510 0.000018
19.675000 0.227760 0.000018
19.700000 0.229010 0.000018
19.725000 0.230260 0.000018
19.750000 0.231510 0.000018
19.775000 0.232760 0.000018
19.800000 0.234010 0.000018
19.825000 0.235260 0.000018
19.850000 0.236510 0.000018
19.875000 0.237760 0.000018
19.900000 0.239010 0.000018
19.925000 0.240260 0.000018
19.950000 0.241510 0.000018
19.975000 0.242760 0.000018
20.000000 0.244010 0.000018
20.025000 0.245260 0.000018
20.050000 0.246510 0.000018
20.075000 0.247760 0.000018
20.100000 0.249010 0.000018
20.125000 0.250260 0.000018
20.150000 0.251510 0.000018
20.175000 0.252760 0.000018
20.200000 0.254010 0.000018
20.225000 0.255260 0.000018
20.250000 0.256510 0.000018
20.275000 0.257760 0.000018
20.300000 0.259010 0.000018
20.325000 0.260260 0.000018
20.350000 0.261510 0.000018
20.375000 0.262760 0.000018
20.400000 0.264010 0.000018
20.425000 0.265260 0.000018
20.450000 0.266510 0.000018
20.475000 0.267760 0.000018
20.500000 0.269010 0.000018
20.525000 0.270260 0.000018
20.550000 0.271510 0.000018
20.575000 0.272760 0.000018
20.600000 0.274010 0.000018
20.625000 0.275260 0.000018
20.650000 0.276510 0.000018
20.675000 0.277760 0.000018
20.700000 0.279010 0.000018
20.725000 0.280260 0.000018
20.750000 0.281510 0.000018
20.775000 0.282760 0.000018
20.800000 0.284010 0.000018
20.825000 0.285260 0.000018
20.850000 0.286510 0.000018
20.875000 0.287760 0.000018
20.900000 0.289010 0.000018
20.925000 0.290260 0.000018
20.950000 0.291510 0.000018
20.975000 0.292760 0.000018
21.000000 0.294010 0.000018
21.025000 0.295260 0.000018
21.050000 0.296510 0.000018
21.075000 0.297760 0.000018
21.100000 0.299010 0.000018
21.125000 0.300260 0.000018
21.150000 0.301510 0.000018
21.175000 0.302760 0.000018
21.200000 0.304010 0.000018
21.225000 0.305260 0.000018
21.250000 0.306510 0.000018
21.275000 0.307760 0.000018
21.300000 0.309010 0.000018
21.325000 0.310260 0.000018
21.350000 0.311510 0.000018
21.375000 0.312760 0.000018
21.400000 0.314010 0.000018
21.425000 0.315260 0.000018
21.450000 0.316510 0.000018
21.475000 0.317760 0.000018
21.500000 0.319010 0.000018
21.525000 0.320260 0.000018
21.550000 0.321510 0.000018
21.575000 0.322760 0.000018
21.600000 0.324010 0.000018
21.625000 0.325260 0.000018
21.650000 0.326510 0.000018
21.675000 0.327760 0.000018
21.700000 0.329010 0.000018
21.725000 0.330260 0.000018
21.750000 0.331510 0.000018
21.775000 0.332760 0.000018
21.800000 0.334010 0.000018
21.825000 0.335260 0.000018
21.850000 0.336510 0.000018
21.875000 0.337760 0.000018
21.900000 0.339010 0.000018
21.925000 0.340260 0.000018
21.950000 0.341510 0.000018
21.975000 0.342760 0.000018
22.000000 0.344010 0.000018
22.025000 0.345260 0.000018
22.050000 0.346510 0.000018
22.075000 0.347760 0.000018
22.100000 0.349010 0.000018
22.125000 0.350260 0.000018
22.150000 0.351510 0.000018
22.175000 0.352760 0.000018
22.200000 0.354010 0.000018
22.225000 0.355260 0.000018
22.250000 0.356510 0.000018
22.275000 0.357760 0.000018
22.300000 0.359010 0.000018
22.325000 0.360260 0.000018
22.350000 0.361510 0.000018
22.375000 0.362760 0.000018
22.400000 0.364010 0.000018
22.425000 0.365260 0.000018
22.450000 0.366510 0.000018
22.475000 0.367760 0.000018
22.500000 0.369010 0.000018
22.525000 0.370260 0.000018
22.550000 0.371510 0.000018
22.575000 0.372760 0.000018
22.600000 0.374010 0.000018
22.625000 0.375260 0.000018
22.650000 0.376510 0.000018
22.675000 0.377760 0.000018
22.700000 0.379010 0.000018
22.725000 0.380260 0.000018
22.750000 0.381510 0.000018
22.775000 0.382760 0.000018
22.800000 0.384010 0.000018
22.825000 0.385260 0.000018
22.850000 0.386510 0.000018
22.875000 0.387760 0.000018
22.900000 0.389010 0.000018
22.925000 0.390260 0.000018
22.950000 0.391510 0.000018
22.975000 0.392760 0.000018
23.000000 0.394010 0.000018
23.025000 0.395260 0.000018
23.050000 0.396510 0.000018
23.075000 0.397760 0.000018
23.100000 0.399010 0.000018
23.125000 0.400260 0.000018
23.150000 0.401510 0.000018
23.175000 0.402760 0.000018
23.200000 0.404010 0.000018
23.225000 0.405260 0.000018
23.250000 0.406510 0.000018
23.275000 0.407760 0.000018
23.300000 0.409010 0.000018
23.325000 0.410260 0.000018
23.350000 0.411510 0.000018
23.375000 0.412760 0.000018
23.400000 0.414010 0.000018
23.425000 0.415260 0.000018
23.450000 0.416510 0.000018
23.475000 0.417760 0.000018
23.500000 0.419010 0.000018
23.525000 0.420260 0.000018
23.550000 0.421510 0.000018
23.575000 0.422760 0.000018
23.600000 0.424010 0.000018
23.625000 0.425260 0.000018
23.650000 0.426510 0.000018
23.675000 0.427760 0.000018
23.700000 0.429010 0.000018
23.725000 0.430260 0.000018
23.750000 0.431510 0.000018
23.775000 0.432760 0.000018
23.800000 0.434010 0.000018
23.825000 0.435260 0.000018
23.850000 0.436510 0.000018
23.875000 0.437760 0.000018
23.900000 0.439010 0.000018
23.925000 0.440260 0.000018
23.950000 0.441510 0.000018
23.975000 0.442760 0.000018
24.000000 0.444010 0.000018
24.025000 0.445260 0.000018
24.050000 0.446510 0.000018
24.075000 0.447760 0.000018
24.100000 0.449010 0.000018
24.125000 0.450260 0.000018
24.150000 0.451510 0.000018
24.175000 0.452760 0.000018
24.200000 0.454010 0.000018
24.225000 0.455260 0.000018
24.250000 0.456510 0.000018
24.275000 0.457760 0.000018
24.300000 0.459010 0.000018
24.325000 0.460260 0.000018
24.350000 0.461510 0.000018
24.375000 0.462760 0.000018
24.400000 0.464010 0.000018
24.425000 0.465260 0.000018
24.450000 0.466510 0.000018
24.475000 0.467760 0.000018
24.500000 0.469010 0.000018
24.525000 0.470260 0.000018
24.550000 0.471510 0.000018
24.575000 0.472760 0.000018
24.600000 0.474010 0.000018
24.625000 0.475260 0.000018
24.650000 0.476510 0.000018
24.675000 0.477760 0.000018
24.700000 0.479010 0.000018
24.725000 0.480260 0.000018
24.750000 0.481510 0.000018
24.775000 0.482760 0.000018
24.800000 0.484010 0.000018
24.825000 0.485260 0.000018
24.850000 0.486510 0.000018
24.875000 0.487760 0.000018
24.900000 0.489010 0.000018
24.925000 0.490260 0.000018
24.950000 0.491510 0.000018
24.975000 0.492760 0.000018
25.000000 0.494010 0.000018
