Hsiao_case3
1400 1401
   1     -10.00000000       0.25600000
   2      -9.97500000       0.25600000
   3      -9.95000000       0.25600000
   4      -9.92500000       0.25600000
   5      -9.90000000       0.25600000
   6      -9.87500000       0.25600000
   7      -9.85000000       0.25600000
   8      -9.82500000       0.25600000
   9      -9.80000000       0.25600000
  10      -9.77500000       0.25600000
  11      -9.75000000       0.25600000
  12      -9.72500000       0.25600000
  13      -9.70000000       0.25600000
  14      -9.67500000       0.25600000
  15      -9.65000000       0.25600000
  16      -9.62500000       0.25600000
  17      -9.60000000       0.25600000
  18      -9.57500000       0.25600000
  19      -9.55000000       0.25600000
  20      -9.52500000       0.25600000
  21      -9.50000000       0.25600000
  22      -9.47500000       0.25600000
  23      -9.45000000       0.25600000
  24      -9.42500000       0.25600000
  25      -9.40000000       0.25600000
  26      -9.37500000       0.25600000
  27      -9.35000000       0.25600000
  28      -9.32500000       0.25600000
  29      -9.30000000       0.25600000
  30      -9.27500000       0.25600000
  31      -9.25000000       0.25600000
  32      -9.22500000       0.25600000
  33      -9.20000000       0.25600000
  34      -9.17500000       0.25600000
  35      -9.15000000       0.25600000
  36      -9.12500000       0.25600000
  37      -9.10000000       0.25600000
  38      -9.07500000       0.25600000
  39      -9.05000000       0.25600000
  40      -9.02500000       0.25600000
  41      -9.00000000       0.25600000
  42      -8.97500000       0.25600000
  43      -8.95000000       0.25600000
  44      -8.92500000       0.25600000
  45      -8.90000000       0.25600000
  46      -8.87500000       0.25600000
  47      -8.85000000       0.25600000
  48      -8.82500000       0.25600000
  49      -8.80000000       0.25600000
  50      -8.77500000       0.25600000
  51      -8.75000000       0.25600000
  52      -8.72500000       0.25600000
  53      -8.70000000       0.25600000
  54      -8.67500000       0.25600000
  55      -8.65000000       0.25600000
  56      -8.62500000       0.25600000
  57      -8.60000000       0.25600000
  58      -8.57500000       0.25600000
  59      -8.55000000       0.25600000
  60      -8.52500000       0.25600000
  61      -8.50000000       0.25600000
  62      -8.47500000       0.25600000
  63      -8.45000000       0.25600000
  64      -8.42500000       0.25600000
  65      -8.40000000       0.25600000
  66      -8.37500000       0.25600000
  67      -8.35000000       0.25600000
  68      -8.32500000       0.25600000
  69      -8.30000000       0.25600000
  70      -8.27500000       0.25600000
  71      -8.25000000       0.25600000
  72      -8.22500000       0.25600000
  73      -8.20000000       0.25600000
  74      -8.17500000       0.25600000
  75      -8.15000000       0.25600000
  76      -8.12500000       0.25600000
  77      -8.10000000       0.25600000
  78      -8.07500000       0.25600000
  79      -8.05000000       0.25600000
  80      -8.02500000       0.25600000
  81      -8.00000000       0.25600000
  82      -7.97500000       0.25600000
  83      -7.95000000       0.25600000
  84      -7.92500000       0.25600000
  85      -7.90000000       0.25600000
  86      -7.87500000       0.25600000
  87      -7.85000000       0.25600000
  88      -7.82500000       0.25600000
  89      -7.80000000       0.25600000
  90      -7.77500000       0.25600000
  91      -7.75000000       0.25600000
  92      -7.72500000       0.25600000
  93      -7.70000000       0.25600000
  94      -7.67500000       0.25600000
  95      -7.65000000       0.25600000
  96      -7.62500000       0.25600000
  97      -7.60000000       0.25600000
  98      -7.57500000       0.25600000
  99      -7.55000000       0.25600000
 100      -7.52500000       0.25600000
 101      -7.50000000       0.25600000
 102      -7.47500000       0.25600000
 103      -7.45000000       0.25600000
 104      -7.42500000       0.25600000
 105      -7.40000000       0.25600000
 106      -7.37500000       0.25600000
 107      -7.35000000       0.25600000
 108      -7.32500000       0.25600000
 109      -7.30000000       0.25600000
 110      -7.27500000       0.25600000
 111      -7.25000000       0.25600000
 112      -7.22500000       0.25600000
 113      -7.20000000       0.25600000
 114      -7.17500000       0.25600000
 115      -7.15000000       0.25600000
 116      -7.12500000       0.25600000
 117      -7.10000000       0.25600000
 118      -7.07500000       0.25600000
 119      -7.05000000       0.25600000
 120      -7.02500000       0.25600000
 121      -7.00000000       0.25600000
 122      -6.97500000       0.25600000
 123      -6.95000000       0.25600000
 124      -6.92500000       0.25600000
 125      -6.90000000       0.25600000
 126      -6.87500000       0.25600000
 127      -6.85000000       0.25600000
 128      -6.82500000       0.25600000
 129      -6.80000000       0.25600000
 130      -6.77500000       0.25600000
 131      -6.75000000       0.25600000
 132      -6.72500000       0.25600000
 133      -6.70000000       0.25600000
 134      -6.67500000       0.25600000
 135      -6.65000000       0.25600000
 136      -6.62500000       0.25600000
 137      -6.60000000       0.25600000
 138      -6.57500000       0.25600000
 139      -6.55000000       0.25600000
 140      -6.52500000       0.25600000
 141      -6.50000000       0.25600000
 142      -6.47500000       0.25600000
 143      -6.45000000       0.25600000
 144      -6.42500000       0.25600000
 145      -6.40000000       0.25600000
 146      -6.37500000       0.25600000
 147      -6.35000000       0.25600000
 148      -6.32500000       0.25600000
 149      -6.30000000       0.25600000
 150      -6.27500000       0.25600000
 151      -6.25000000       0.25600000
 152      -6.22500000       0.25600000
 153      -6.20000000       0.25600000
 154      -6.17500000       0.25600000
 155      -6.15000000       0.25600000
 156      -6.12500000       0.25600000
 157      -6.10000000       0.25600000
 158      -6.07500000       0.25600000
 159      -6.05000000       0.25600000
 160      -6.02500000       0.25600000
 161      -6.00000000       0.25600000
 162      -5.97500000       0.25600000
 163      -5.95000000       0.25600000
 164      -5.92500000       0.25600000
 165      -5.90000000       0.25600000
 166      -5.87500000       0.25600000
 167      -5.85000000       0.25600000
 168      -5.82500000       0.25600000
 169      -5.80000000       0.25600000
 170      -5.77500000       0.25600000
 171      -5.75000000       0.25600000
 172      -5.72500000       0.25600000
 173      -5.70000000       0.25600000
 174      -5.67500000       0.25600000
 175      -5.65000000       0.25600000
 176      -5.62500000       0.25600000
 177      -5.60000000       0.25600000
 178      -5.57500000       0.25600000
 179      -5.55000000       0.25600000
 180      -5.52500000       0.25600000
 181      -5.50000000       0.25600000
 182      -5.47500000       0.25600000
 183      -5.45000000       0.25600000
 184      -5.42500000       0.25600000
 185      -5.40000000       0.25600000
 186      -5.37500000       0.25600000
 187      -5.35000000       0.25600000
 188      -5.32500000       0.25600000
 189      -5.30000000       0.25600000
 190      -5.27500000       0.25600000
 191      -5.25000000       0.25600000
 192      -5.22500000       0.25600000
 193      -5.20000000       0.25600000
 194      -5.17500000       0.25600000
 195      -5.15000000       0.25600000
 196      -5.12500000       0.25600000
 197      -5.10000000       0.25600000
 198      -5.07500000       0.25600000
 199      -5.05000000       0.25600000
 200      -5.02500000       0.25600000
 201      -5.00000000       0.25600000
 202      -4.97500000       0.25600000
 203      -4.95000000       0.25600000
 204      -4.92500000       0.25600000
 205      -4.90000000       0.25600000
 206      -4.87500000       0.25600000
 207      -4.85000000       0.25600000
 208      -4.82500000       0.25600000
 209      -4.80000000       0.25600000
 210      -4.77500000       0.25600000
 211      -4.75000000       0.25600000
 212      -4.72500000       0.25600000
 213      -4.70000000       0.25600000
 214      -4.67500000       0.25600000
 215      -4.65000000       0.25600000
 216      -4.62500000       0.25600000
 217      -4.60000000       0.25600000
 218      -4.57500000       0.25600000
 219      -4.55000000       0.25600000
 220      -4.52500000       0.25600000
 221      -4.50000000       0.25600000
 222      -4.47500000       0.25600000
 223      -4.45000000       0.25600000
 224      -4.42500000       0.25600000
 225      -4.40000000       0.25600000
 226      -4.37500000       0.25600000
 227      -4.35000000       0.25600000
 228      -4.32500000       0.25600000
 229      -4.30000000       0.25600000
 230      -4.27500000       0.25600000
 231      -4.25000000       0.25600000
 232      -4.22500000       0.25600000
 233      -4.20000000       0.25600000
 234      -4.17500000       0.25600000
 235      -4.15000000       0.25600000
 236      -4.12500000       0.25600000
 237      -4.10000000       0.25600000
 238      -4.07500000       0.25600000
 239      -4.05000000       0.25600000
 240      -4.02500000       0.25600000
 241      -4.00000000       0.25600000
 242      -3.97500000       0.25600000
 243      -3.95000000       0.25600000
 244      -3.92500000       0.25600000
 245      -3.90000000       0.25600000
 246      -3.87500000       0.25600000
 247      -3.85000000       0.25600000
 248      -3.82500000       0.25600000
 249      -3.80000000       0.25600000
 250      -3.77500000       0.25600000
 251      -3.75000000       0.25600000
 252      -3.72500000       0.25600000
 253      -3.70000000       0.25600000
 254      -3.67500000       0.25600000
 255      -3.65000000       0.25600000
 256      -3.62500000       0.25600000
 257      -3.60000000       0.25600000
 258      -3.57500000       0.25600000
 259      -3.55000000       0.25600000
 260      -3.52500000       0.25600000
 261      -3.50000000       0.25600000
 262      -3.47500000       0.25600000
 263      -3.45000000       0.25600000
 264      -3.42500000       0.25600000
 265      -3.40000000       0.25600000
 266      -3.37500000       0.25600000
 267      -3.35000000       0.25600000
 268      -3.32500000       0.25600000
 269      -3.30000000       0.25600000
 270      -3.27500000       0.25600000
 271      -3.25000000       0.25600000
 272      -3.22500000       0.25600000
 273      -3.20000000       0.25600000
 274      -3.17500000       0.25600000
 275      -3.15000000       0.25600000
 276      -3.12500000       0.25600000
 277      -3.10000000       0.25600000
 278      -3.07500000       0.25600000
 279      -3.05000000       0.25600000
 280      -3.02500000       0.25600000
 281      -3.00000000       0.25600000
 282      -2.97500000       0.25600000
 283      -2.95000000       0.25600000
 284      -2.92500000       0.25600000
 285      -2.90000000       0.25600000
 286      -2.87500000       0.25600000
 287      -2.85000000       0.25600000
 288      -2.82500000       0.25600000
 289      -2.80000000       0.25600000
 290      -2.77500000       0.25600000
 291      -2.75000000       0.25600000
 292      -2.72500000       0.25600000
 293      -2.70000000       0.25600000
 294      -2.67500000       0.25600000
 295      -2.65000000       0.25600000
 296      -2.62500000       0.25600000
 297      -2.60000000       0.25600000
 298      -2.57500000       0.25600000
 299      -2.55000000       0.25600000
 300      -2.52500000       0.25600000
 301      -2.50000000       0.25600000
 302      -2.47500000       0.25600000
 303      -2.45000000       0.25600000
 304      -2.42500000       0.25600000
 305      -2.40000000       0.25600000
 306      -2.37500000       0.25600000
 307      -2.35000000       0.25600000
 308      -2.32500000       0.25600000
 309      -2.30000000       0.25600000
 310      -2.27500000       0.25600000
 311      -2.25000000       0.25600000
 312      -2.22500000       0.25600000
 313      -2.20000000       0.25600000
 314      -2.17500000       0.25600000
 315      -2.15000000       0.25600000
 316      -2.12500000       0.25600000
 317      -2.10000000       0.25600000
 318      -2.07500000       0.25600000
 319      -2.05000000       0.25600000
 320      -2.02500000       0.25600000
 321      -2.00000000       0.25600000
 322      -1.97500000       0.25600000
 323      -1.95000000       0.25600000
 324      -1.92500000       0.25600000
 325      -1.90000000       0.25600000
 326      -1.87500000       0.25600000
 327      -1.85000000       0.25600000
 328      -1.82500000       0.25600000
 329      -1.80000000       0.25600000
 330      -1.77500000       0.25600000
 331      -1.75000000       0.25600000
 332      -1.72500000       0.25600000
 333      -1.70000000       0.25600000
 334      -1.67500000       0.25600000
 335      -1.65000000       0.25600000
 336      -1.62500000       0.25600000
 337      -1.60000000       0.25600000
 338      -1.57500000       0.25600000
 339      -1.55000000       0.25600000
 340      -1.52500000       0.25600000
 341      -1.50000000       0.25600000
 342      -1.47500000       0.25600000
 343      -1.45000000       0.25600000
 344      -1.42500000       0.25600000
 345      -1.40000000       0.25600000
 346      -1.37500000       0.25600000
 347      -1.35000000       0.25600000
 348      -1.32500000       0.25600000
 349      -1.30000000       0.25600000
 350      -1.27500000       0.25600000
 351      -1.25000000       0.25600000
 352      -1.22500000       0.25600000
 353      -1.20000000       0.25600000
 354      -1.17500000       0.25600000
 355      -1.15000000       0.25600000
 356      -1.12500000       0.25600000
 357      -1.10000000       0.25600000
 358      -1.07500000       0.25600000
 359      -1.05000000       0.25600000
 360      -1.02500000       0.25600000
 361      -1.00000000       0.25600000
 362      -0.97500000       0.25600000
 363      -0.95000000       0.25600000
 364      -0.92500000       0.25600000
 365      -0.90000000       0.25600000
 366      -0.87500000       0.25600000
 367      -0.85000000       0.25600000
 368      -0.82500000       0.25600000
 369      -0.80000000       0.25600000
 370      -0.77500000       0.25600000
 371      -0.75000000       0.25600000
 372      -0.72500000       0.25600000
 373      -0.70000000       0.25600000
 374      -0.67500000       0.25600000
 375      -0.65000000       0.25600000
 376      -0.62500000       0.25600000
 377      -0.60000000       0.25600000
 378      -0.57500000       0.25600000
 379      -0.55000000       0.25600000
 380      -0.52500000       0.25600000
 381      -0.50000000       0.25600000
 382      -0.47500000       0.25600000
 383      -0.45000000       0.25600000
 384      -0.42500000       0.25600000
 385      -0.40000000       0.25600000
 386      -0.37500000       0.25600000
 387      -0.35000000       0.25600000
 388      -0.32500000       0.25600000
 389      -0.30000000       0.25600000
 390      -0.27500000       0.25600000
 391      -0.25000000       0.25600000
 392      -0.22500000       0.25600000
 393      -0.20000000       0.25600000
 394      -0.17500000       0.25600000
 395      -0.15000000       0.25600000
 396      -0.12500000       0.25600000
 397      -0.10000000       0.25600000
 398      -0.07500000       0.25600000
 399      -0.05000000       0.25600000
 400      -0.02500000       0.25600000
 401       0.00000000       0.25600000
 402       0.02500000       0.25600000
 403       0.05000000       0.25600000
 404       0.07500000       0.25600000
 405       0.10000000       0.25600000
 406       0.12500000       0.25600000
 407       0.15000000       0.25600000
 408       0.17500000       0.25600000
 409       0.20000000       0.25600000
 410       0.22500000       0.25600000
 411       0.25000000       0.25600000
 412       0.27500000       0.25600000
 413       0.30000000       0.25600000
 414       0.32500000       0.25600000
 415       0.35000000       0.25600000
 416       0.37500000       0.25600000
 417       0.40000000       0.25600000
 418       0.42500000       0.25600000
 419       0.45000000       0.25600000
 420       0.47500000       0.25600000
 421       0.50000000       0.25600000
 422       0.52500000       0.25600000
 423       0.55000000       0.25600000
 424       0.57500000       0.25600000
 425       0.60000000       0.25600000
 426       0.62500000       0.25600000
 427       0.65000000       0.25600000
 428       0.67500000       0.25600000
 429       0.70000000       0.25600000
 430       0.72500000       0.25600000
 431       0.75000000       0.25600000
 432       0.77500000       0.25600000
 433       0.80000000       0.25600000
 434       0.82500000       0.25600000
 435       0.85000000       0.25600000
 436       0.87500000       0.25600000
 437       0.90000000       0.25600000
 438       0.92500000       0.25600000
 439       0.95000000       0.25600000
 440       0.97500000       0.25600000
 441       1.00000000       0.25600000
 442       1.02500000       0.25600000
 443       1.05000000       0.25600000
 444       1.07500000       0.25600000
 445       1.10000000       0.25600000
 446       1.12500000       0.25600000
 447       1.15000000       0.25600000
 448       1.17500000       0.25600000
 449       1.20000000       0.25600000
 450       1.22500000       0.25600000
 451       1.25000000       0.25600000
 452       1.27500000       0.25600000
 453       1.30000000       0.25600000
 454       1.32500000       0.25600000
 455       1.35000000       0.25600000
 456       1.37500000       0.25600000
 457       1.40000000       0.25600000
 458       1.42500000       0.25600000
 459       1.45000000       0.25600000
 460       1.47500000       0.25600000
 461       1.50000000       0.25600000
 462       1.52500000       0.25600000
 463       1.55000000       0.25600000
 464       1.57500000       0.25600000
 465       1.60000000       0.25600000
 466       1.62500000       0.25600000
 467       1.65000000       0.25600000
 468       1.67500000       0.25600000
 469       1.70000000       0.25600000
 470       1.72500000       0.25600000
 471       1.75000000       0.25600000
 472       1.77500000       0.25600000
 473       1.80000000       0.25600000
 474       1.82500000       0.25600000
 475       1.85000000       0.25600000
 476       1.87500000       0.25600000
 477       1.90000000       0.25600000
 478       1.92500000       0.25600000
 479       1.95000000       0.25600000
 480       1.97500000       0.25600000
 481       2.00000000       0.25600000
 482       2.02500000       0.25600000
 483       2.05000000       0.25600000
 484       2.07500000       0.25600000
 485       2.10000000       0.25600000
 486       2.12500000       0.25600000
 487       2.15000000       0.25600000
 488       2.17500000       0.25600000
 489       2.20000000       0.25600000
 490       2.22500000       0.25600000
 491       2.25000000       0.25600000
 492       2.27500000       0.25600000
 493       2.30000000       0.25600000
 494       2.32500000       0.25600000
 495       2.35000000       0.25600000
 496       2.37500000       0.25600000
 497       2.40000000       0.25600000
 498       2.42500000       0.25600000
 499       2.45000000       0.25600000
 500       2.47500000       0.25600000
 501       2.50000000       0.25600000
 502       2.52500000       0.25600000
 503       2.55000000       0.25600000
 504       2.57500000       0.25600000
 505       2.60000000       0.25600000
 506       2.62500000       0.25600000
 507       2.65000000       0.25600000
 508       2.67500000       0.25600000
 509       2.70000000       0.25600000
 510       2.72500000       0.25600000
 511       2.75000000       0.25600000
 512       2.77500000       0.25600000
 513       2.80000000       0.25600000
 514       2.82500000       0.25600000
 515       2.85000000       0.25600000
 516       2.87500000       0.25600000
 517       2.90000000       0.25600000
 518       2.92500000       0.25600000
 519       2.95000000       0.25600000
 520       2.97500000       0.25600000
 521       3.00000000       0.25600000
 522       3.02500000       0.25600000
 523       3.05000000       0.25600000
 524       3.07500000       0.25600000
 525       3.10000000       0.25600000
 526       3.12500000       0.25600000
 527       3.15000000       0.25600000
 528       3.17500000       0.25600000
 529       3.20000000       0.25600000
 530       3.22500000       0.25600000
 531       3.25000000       0.25600000
 532       3.27500000       0.25600000
 533       3.30000000       0.25600000
 534       3.32500000       0.25600000
 535       3.35000000       0.25600000
 536       3.37500000       0.25600000
 537       3.40000000       0.25600000
 538       3.42500000       0.25600000
 539       3.45000000       0.25600000
 540       3.47500000       0.25600000
 541       3.50000000       0.25600000
 542       3.52500000       0.25600000
 543       3.55000000       0.25600000
 544       3.57500000       0.25600000
 545       3.60000000       0.25600000
 546       3.62500000       0.25600000
 547       3.65000000       0.25600000
 548       3.67500000       0.25600000
 549       3.70000000       0.25600000
 550       3.72500000       0.25600000
 551       3.75000000       0.25600000
 552       3.77500000       0.25600000
 553       3.80000000       0.25600000
 554       3.82500000       0.25600000
 555       3.85000000       0.25600000
 556       3.87500000       0.25600000
 557       3.90000000       0.25600000
 558       3.92500000       0.25600000
 559       3.95000000       0.25600000
 560       3.97500000       0.25600000
 561       4.00000000       0.25600000
 562       4.02500000       0.25600000
 563       4.05000000       0.25600000
 564       4.07500000       0.25600000
 565       4.10000000       0.25600000
 566       4.12500000       0.25600000
 567       4.15000000       0.25600000
 568       4.17500000       0.25600000
 569       4.20000000       0.25600000
 570       4.22500000       0.25600000
 571       4.25000000       0.25600000
 572       4.27500000       0.25600000
 573       4.30000000       0.25600000
 574       4.32500000       0.25600000
 575       4.35000000       0.25600000
 576       4.37500000       0.25600000
 577       4.40000000       0.25600000
 578       4.42500000       0.25600000
 579       4.45000000       0.25600000
 580       4.47500000       0.25600000
 581       4.50000000       0.25600000
 582       4.52500000       0.25600000
 583       4.55000000       0.25600000
 584       4.57500000       0.25600000
 585       4.60000000       0.25600000
 586       4.62500000       0.25600000
 587       4.65000000       0.25600000
 588       4.67500000       0.25600000
 589       4.70000000       0.25600000
 590       4.72500000       0.25600000
 591       4.75000000       0.25600000
 592       4.77500000       0.25600000
 593       4.80000000       0.25600000
 594       4.82500000       0.25600000
 595       4.85000000       0.25600000
 596       4.87500000       0.25600000
 597       4.90000000       0.25600000
 598       4.92500000       0.25600000
 599       4.95000000       0.25600000
 600       4.97500000       0.25600000
 601       5.00000000       0.25600000
 602       5.02500000       0.25600000
 603       5.05000000       0.25600000
 604       5.07500000       0.25600000
 605       5.10000000       0.25600000
 606       5.12500000       0.25600000
 607       5.15000000       0.25600000
 608       5.17500000       0.25600000
 609       5.20000000       0.25600000
 610       5.22500000       0.25600000
 611       5.25000000       0.25600000
 612       5.27500000       0.25600000
 613       5.30000000       0.25600000
 614       5.32500000       0.25600000
 615       5.35000000       0.25600000
 616       5.37500000       0.25600000
 617       5.40000000       0.25600000
 618       5.42500000       0.25600000
 619       5.45000000       0.25600000
 620       5.47500000       0.25600000
 621       5.50000000       0.25600000
 622       5.52500000       0.25600000
 623       5.55000000       0.25600000
 624       5.57500000       0.25600000
 625       5.60000000       0.25600000
 626       5.62500000       0.25600000
 627       5.65000000       0.25600000
 628       5.67500000       0.25600000
 629       5.70000000       0.25600000
 630       5.72500000       0.25600000
 631       5.75000000       0.25600000
 632       5.77500000       0.25600000
 633       5.80000000       0.25600000
 634       5.82500000       0.25600000
 635       5.85000000       0.25600000
 636       5.87500000       0.25600000
 637       5.90000000       0.25600000
 638       5.92500000       0.25600000
 639       5.95000000       0.25600000
 640       5.97500000       0.25600000
 641       6.00000000       0.25600000
 642       6.02500000       0.25600000
 643       6.05000000       0.25600000
 644       6.07500000       0.25600000
 645       6.10000000       0.25600000
 646       6.12500000       0.25600000
 647       6.15000000       0.25600000
 648       6.17500000       0.25600000
 649       6.20000000       0.25600000
 650       6.22500000       0.25600000
 651       6.25000000       0.25600000
 652       6.27500000       0.25600000
 653       6.30000000       0.25600000
 654       6.32500000       0.25600000
 655       6.35000000       0.25600000
 656       6.37500000       0.25600000
 657       6.40000000       0.25600000
 658       6.42500000       0.25600000
 659       6.45000000       0.25600000
 660       6.47500000       0.25600000
 661       6.50000000       0.25600000
 662       6.52500000       0.25600000
 663       6.55000000       0.25600000
 664       6.57500000       0.25600000
 665       6.60000000       0.25600000
 666       6.62500000       0.25600000
 667       6.65000000       0.25600000
 668       6.67500000       0.25600000
 669       6.70000000       0.25600000
 670       6.72500000       0.25600000
 671       6.75000000       0.25600000
 672       6.77500000       0.25600000
 673       6.80000000       0.25600000
 674       6.82500000       0.25600000
 675       6.85000000       0.25600000
 676       6.87500000       0.25600000
 677       6.90000000       0.25600000
 678       6.92500000       0.25600000
 679       6.95000000       0.25600000
 680       6.97500000       0.25600000
 681       7.00000000       0.25600000
 682       7.02500000       0.25600000
 683       7.05000000       0.25600000
 684       7.07500000       0.25600000
 685       7.10000000       0.25600000
 686       7.12500000       0.25600000
 687       7.15000000       0.25600000
 688       7.17500000       0.25600000
 689       7.20000000       0.25600000
 690       7.22500000       0.25600000
 691       7.25000000       0.25600000
 692       7.27500000       0.25600000
 693       7.30000000       0.25600000
 694       7.32500000       0.25600000
 695       7.35000000       0.25600000
 696       7.37500000       0.25600000
 697       7.40000000       0.25600000
 698       7.42500000       0.25600000
 699       7.45000000       0.25600000
 700       7.47500000       0.25600000
 701       7.50000000       0.25600000
 702       7.52500000       0.25600000
 703       7.55000000       0.25600000
 704       7.57500000       0.25600000
 705       7.60000000       0.25600000
 706       7.62500000       0.25600000
 707       7.65000000       0.25600000
 708       7.67500000       0.25600000
 709       7.70000000       0.25600000
 710       7.72500000       0.25600000
 711       7.75000000       0.25600000
 712       7.77500000       0.25600000
 713       7.80000000       0.25600000
 714       7.82500000       0.25600000
 715       7.85000000       0.25600000
 716       7.87500000       0.25600000
 717       7.90000000       0.25600000
 718       7.92500000       0.25600000
 719       7.95000000       0.25600000
 720       7.97500000       0.25600000
 721       8.00000000       0.25600000
 722       8.02500000       0.25600000
 723       8.05000000       0.25600000
 724       8.07500000       0.25600000
 725       8.10000000       0.25600000
 726       8.12500000       0.25600000
 727       8.15000000       0.25600000
 728       8.17500000       0.25600000
 729       8.20000000       0.25600000
 730       8.22500000       0.25600000
 731       8.25000000       0.25600000
 732       8.27500000       0.25600000
 733       8.30000000       0.25600000
 734       8.32500000       0.25600000
 735       8.35000000       0.25600000
 736       8.37500000       0.25600000
 737       8.40000000       0.25600000
 738       8.42500000       0.25600000
 739       8.45000000       0.25600000
 740       8.47500000       0.25600000
 741       8.50000000       0.25600000
 742       8.52500000       0.25600000
 743       8.55000000       0.25600000
 744       8.57500000       0.25600000
 745       8.60000000       0.25600000
 746       8.62500000       0.25600000
 747       8.65000000       0.25600000
 748       8.67500000       0.25600000
 749       8.70000000       0.25600000
 750       8.72500000       0.25600000
 751       8.75000000       0.25600000
 752       8.77500000       0.25600000
 753       8.80000000       0.25600000
 754       8.82500000       0.25600000
 755       8.85000000       0.25600000
 756       8.87500000       0.25600000
 757       8.90000000       0.25600000
 758       8.92500000       0.25600000
 759       8.95000000       0.25600000
 760       8.97500000       0.25600000
 761       9.00000000       0.25600000
 762       9.02500000       0.25600000
 763       9.05000000       0.25600000
 764       9.07500000       0.25600000
 765       9.10000000       0.25600000
 766       9.12500000       0.25600000
 767       9.15000000       0.25600000
 768       9.17500000       0.25600000
 769       9.20000000       0.25600000
 770       9.22500000       0.25600000
 771       9.25000000       0.25600000
 772       9.27500000       0.25600000
 773       9.30000000       0.25600000
 774       9.32500000       0.25600000
 775       9.35000000       0.25600000
 776       9.37500000       0.25600000
 777       9.40000000       0.25600000
 778       9.42500000       0.25600000
 779       9.45000000       0.25600000
 780       9.47500000       0.25600000
 781       9.50000000       0.25600000
 782       9.52500000       0.25600000
 783       9.55000000       0.25600000
 784       9.57500000       0.25600000
 785       9.60000000       0.25600000
 786       9.62500000       0.25600000
 787       9.65000000       0.25600000
 788       9.67500000       0.25600000
 789       9.70000000       0.25600000
 790       9.72500000       0.25600000
 791       9.75000000       0.25600000
 792       9.77500000       0.25600000
 793       9.80000000       0.25600000
 794       9.82500000       0.25600000
 795       9.85000000       0.25600000
 796       9.87500000       0.25600000
 797       9.90000000       0.25600000
 798       9.92500000       0.25600000
 799       9.95000000       0.25600000
 800       9.97500000       0.25600000
 801      10.00000000       0.25600000
 802      10.02500000       0.25475000
 803      10.05000000       0.25350000
 804      10.07500000       0.25225000
 805      10.10000000       0.25100000
 806      10.12500000       0.24975000
 807      10.15000000       0.24850000
 808      10.17500000       0.24725000
 809      10.20000000       0.24600000
 810      10.22500000       0.24475000
 811      10.25000000       0.24350000
 812      10.27500000       0.24225000
 813      10.30000000       0.24100000
 814      10.32500000       0.23975000
 815      10.35000000       0.23850000
 816      10.37500000       0.23725000
 817      10.40000000       0.23600000
 818      10.42500000       0.23475000
 819      10.45000000       0.23350000
 820      10.47500000       0.23225000
 821      10.50000000       0.23100000
 822      10.52500000       0.22975000
 823      10.55000000       0.22850000
 824      10.57500000       0.22725000
 825      10.60000000       0.22600000
 826      10.62500000       0.22475000
 827      10.65000000       0.22350000
 828      10.67500000       0.22225000
 829      10.70000000       0.22100000
 830      10.72500000       0.21975000
 831      10.75000000       0.21850000
 832      10.77500000       0.21725000
 833      10.80000000       0.21600000
 834      10.82500000       0.21475000
 835      10.85000000       0.21350000
 836      10.87500000       0.21225000
 837      10.90000000       0.21100000
 838      10.92500000       0.20975000
 839      10.95000000       0.20850000
 840      10.97500000       0.20725000
 841      11.00000000       0.20600000
 842      11.02500000       0.20475000
 843      11.05000000       0.20350000
 844      11.07500000       0.20225000
 845      11.10000000       0.20100000
 846      11.12500000       0.19975000
 847      11.15000000       0.19850000
 848      11.17500000       0.19725000
 849      11.20000000       0.19600000
 850      11.22500000       0.19475000
 851      11.25000000       0.19350000
 852      11.27500000       0.19225000
 853      11.30000000       0.19100000
 854      11.32500000       0.18975000
 855      11.35000000       0.18850000
 856      11.37500000       0.18725000
 857      11.40000000       0.18600000
 858      11.42500000       0.18475000
 859      11.45000000       0.18350000
 860      11.47500000       0.18225000
 861      11.50000000       0.18100000
 862      11.52500000       0.17975000
 863      11.55000000       0.17850000
 864      11.57500000       0.17725000
 865      11.60000000       0.17600000
 866      11.62500000       0.17475000
 867      11.65000000       0.17350000
 868      11.67500000       0.17225000
 869      11.70000000       0.17100000
 870      11.72500000       0.16975000
 871      11.75000000       0.16850000
 872      11.77500000       0.16725000
 873      11.80000000       0.16600000
 874      11.82500000       0.16475000
 875      11.85000000       0.16350000
 876      11.87500000       0.16225000
 877      11.90000000       0.16100000
 878      11.92500000       0.15975000
 879      11.95000000       0.15850000
 880      11.97500000       0.15725000
 881      12.00000000       0.15600000
 882      12.02500000       0.15475000
 883      12.05000000       0.15350000
 884      12.07500000       0.15225000
 885      12.10000000       0.15100000
 886      12.12500000       0.14975000
 887      12.15000000       0.14850000
 888      12.17500000       0.14725000
 889      12.20000000       0.14600000
 890      12.22500000       0.14475000
 891      12.25000000       0.14350000
 892      12.27500000       0.14225000
 893      12.30000000       0.14100000
 894      12.32500000       0.13975000
 895      12.35000000       0.13850000
 896      12.37500000       0.13725000
 897      12.40000000       0.13600000
 898      12.42500000       0.13475000
 899      12.45000000       0.13350000
 900      12.47500000       0.13225000
 901      12.50000000       0.13100000
 902      12.52500000       0.12975000
 903      12.55000000       0.12850000
 904      12.57500000       0.12725000
 905      12.60000000       0.12600000
 906      12.62500000       0.12475000
 907      12.65000000       0.12350000
 908      12.67500000       0.12225000
 909      12.70000000       0.12100000
 910      12.72500000       0.11975000
 911      12.75000000       0.11850000
 912      12.77500000       0.11725000
 913      12.80000000       0.11600000
 914      12.82500000       0.11475000
 915      12.85000000       0.11350000
 916      12.87500000       0.11225000
 917      12.90000000       0.11100000
 918      12.92500000       0.10975000
 919      12.95000000       0.10850000
 920      12.97500000       0.10725000
 921      13.00000000       0.10600000
 922      13.02500000       0.10475000
 923      13.05000000       0.10350000
 924      13.07500000       0.10225000
 925      13.10000000       0.10100000
 926      13.12500000       0.09975000
 927      13.15000000       0.09850000
 928      13.17500000       0.09725000
 929      13.20000000       0.09600000
 930      13.22500000       0.09475000
 931      13.25000000       0.09350000
 932      13.27500000       0.09225000
 933      13.30000000       0.09100000
 934      13.32500000       0.08975000
 935      13.35000000       0.08850000
 936      13.37500000       0.08725000
 937      13.40000000       0.08600000
 938      13.42500000       0.08475000
 939      13.45000000       0.08350000
 940      13.47500000       0.08225000
 941      13.50000000       0.08100000
 942      13.52500000       0.07975000
 943      13.55000000       0.07850000
 944      13.57500000       0.07725000
 945      13.60000000       0.07600000
 946      13.62500000       0.06975000
 947      13.65000000       0.06350000
 948      13.67500000       0.05725000
 949      13.70000000       0.05100000
 950      13.72500000       0.04475000
 951      13.75000000       0.03850000
 952      13.77500000       0.03225000
 953      13.80000000       0.02600000
 954      13.82500000       0.01975000
 955      13.85000000       0.01350000
 956      13.87500000       0.00725000
 957      13.90000000       0.00100000
 958      13.92500000      -0.00000000
 959      13.95000000       0.00111111
 960      13.97500000       0.01500000
 961      14.00000000       0.02888889
 962      14.02500000       0.04277778
 963      14.05000000       0.05350000
 964      14.07500000       0.05225000
 965      14.10000000       0.05100000
 966      14.12500000       0.04975000
 967      14.15000000       0.04850000
 968      14.17500000       0.04725000
 969      14.20000000       0.04600000
 970      14.22500000       0.04475000
 971      14.25000000       0.04350000
 972      14.27500000       0.04225000
 973      14.30000000       0.04100000
 974      14.32500000       0.03975000
 975      14.35000000       0.03850000
 976      14.37500000       0.03725000
 977      14.40000000       0.03600000
 978      14.42500000       0.03475000
 979      14.45000000       0.03350000
 980      14.47500000       0.03225000
 981      14.50000000       0.03100000
 982      14.52500000       0.02975000
 983      14.55000000       0.02850000
 984      14.57500000       0.02725000
 985      14.60000000       0.02600000
 986      14.62500000       0.02475000
 987      14.65000000       0.02350000
 988      14.67500000       0.02225000
 989      14.70000000       0.02100000
 990      14.72500000       0.01975000
 991      14.75000000       0.01850000
 992      14.77500000       0.01725000
 993      14.80000000       0.01600000
 994      14.82500000       0.01475000
 995      14.85000000       0.01350000
 996      14.87500000       0.01225000
 997      14.90000000       0.01100000
 998      14.92500000       0.00975000
 999      14.95000000       0.00850000
1000      14.97500000       0.00725000
1001      15.00000000       0.00600000
1002      15.02500000       0.00475000
1003      15.05000000       0.00350000
1004      15.07500000       0.00225000
1005      15.10000000       0.00100000
1006      15.12500000      -0.00025000
1007      15.15000000      -0.00150000
1008      15.17500000      -0.00275000
1009      15.20000000      -0.00400000
1010      15.22500000      -0.00525000
1011      15.25000000      -0.00650000
1012      15.27500000      -0.00775000
1013      15.30000000      -0.00900000
1014      15.32500000      -0.01025000
1015      15.35000000      -0.01150000
1016      15.37500000      -0.01275000
1017      15.40000000      -0.01400000
1018      15.42500000      -0.01525000
1019      15.45000000      -0.01650000
1020      15.47500000      -0.01775000
1021      15.50000000      -0.01900000
1022      15.52500000      -0.02025000
1023      15.55000000      -0.02150000
1024      15.57500000      -0.02275000
1025      15.60000000      -0.02400000
1026      15.62500000      -0.02525000
1027      15.65000000      -0.02650000
1028      15.67500000      -0.02775000
1029      15.70000000      -0.02900000
1030      15.72500000      -0.03025000
1031      15.75000000      -0.03150000
1032      15.77500000      -0.03275000
1033      15.80000000      -0.03400000
1034      15.82500000      -0.03525000
1035      15.85000000      -0.03650000
1036      15.87500000      -0.03775000
1037      15.90000000      -0.03900000
1038      15.92500000      -0.04025000
1039      15.95000000      -0.04150000
1040      15.97500000      -0.04275000
1041      16.00000000      -0.04400000
1042      16.02500000      -0.04525000
1043      16.05000000      -0.04650000
1044      16.07500000      -0.04775000
1045      16.10000000      -0.04900000
1046      16.12500000      -0.05025000
1047      16.15000000      -0.05150000
1048      16.17500000      -0.05275000
1049      16.20000000      -0.05400000
1050      16.22500000      -0.05525000
1051      16.25000000      -0.05650000
1052      16.27500000      -0.05775000
1053      16.30000000      -0.05900000
1054      16.32500000      -0.06025000
1055      16.35000000      -0.06150000
1056      16.37500000      -0.06275000
1057      16.40000000      -0.06400000
1058      16.42500000      -0.06525000
1059      16.45000000      -0.06650000
1060      16.47500000      -0.06775000
1061      16.50000000      -0.06900000
1062      16.52500000      -0.07025000
1063      16.55000000      -0.07150000
1064      16.57500000      -0.07275000
1065      16.60000000      -0.07400000
1066      16.62500000      -0.07525000
1067      16.65000000      -0.07650000
1068      16.67500000      -0.07775000
1069      16.70000000      -0.07900000
1070      16.72500000      -0.08025000
1071      16.75000000      -0.08150000
1072      16.77500000      -0.08275000
1073      16.80000000      -0.08400000
1074      16.82500000      -0.08525000
1075      16.85000000      -0.08650000
1076      16.87500000      -0.08775000
1077      16.90000000      -0.08900000
1078      16.92500000      -0.09025000
1079      16.95000000      -0.09150000
1080      16.97500000      -0.09275000
1081      17.00000000      -0.09400000
1082      17.02500000      -0.09525000
1083      17.05000000      -0.09650000
1084      17.07500000      -0.09775000
1085      17.10000000      -0.09900000
1086      17.12500000      -0.10025000
1087      17.15000000      -0.10150000
1088      17.17500000      -0.10275000
1089      17.20000000      -0.10400000
1090      17.22500000      -0.10525000
1091      17.25000000      -0.10650000
1092      17.27500000      -0.10775000
1093      17.30000000      -0.10900000
1094      17.32500000      -0.11025000
1095      17.35000000      -0.11150000
1096      17.37500000      -0.11275000
1097      17.40000000      -0.11400000
1098      17.42500000      -0.11525000
1099      17.45000000      -0.11650000
1100      17.47500000      -0.11775000
1101      17.50000000      -0.11900000
1102      17.52500000      -0.12025000
1103      17.55000000      -0.12150000
1104      17.57500000      -0.12275000
1105      17.60000000      -0.12400000
1106      17.62500000      -0.12525000
1107      17.65000000      -0.12650000
1108      17.67500000      -0.12775000
1109      17.70000000      -0.12900000
1110      17.72500000      -0.13025000
1111      17.75000000      -0.13150000
1112      17.77500000      -0.13275000
1113      17.80000000      -0.13400000
1114      17.82500000      -0.13525000
1115      17.85000000      -0.13650000
1116      17.87500000      -0.13775000
1117      17.90000000      -0.13900000
1118      17.92500000      -0.14025000
1119      17.95000000      -0.14150000
1120      17.97500000      -0.14275000
1121      18.00000000      -0.14400000
1122      18.02500000      -0.14525000
1123      18.05000000      -0.14650000
1124      18.07500000      -0.14775000
1125      18.10000000      -0.14900000
1126      18.12500000      -0.15025000
1127      18.15000000      -0.15150000
1128      18.17500000      -0.15275000
1129      18.20000000      -0.15400000
1130      18.22500000      -0.15525000
1131      18.25000000      -0.15650000
1132      18.27500000      -0.15775000
1133      18.30000000      -0.15900000
1134      18.32500000      -0.16025000
1135      18.35000000      -0.16150000
1136      18.37500000      -0.16275000
1137      18.40000000      -0.16400000
1138      18.42500000      -0.16525000
1139      18.45000000      -0.16650000
1140      18.47500000      -0.16775000
1141      18.50000000      -0.16900000
1142      18.52500000      -0.17025000
1143      18.55000000      -0.17150000
1144      18.57500000      -0.17275000
1145      18.60000000      -0.17400000
1146      18.62500000      -0.17525000
1147      18.65000000      -0.17650000
1148      18.67500000      -0.17775000
1149      18.70000000      -0.17900000
1150      18.72500000      -0.18025000
1151      18.75000000      -0.18150000
1152      18.77500000      -0.18275000
1153      18.80000000      -0.18400000
1154      18.82500000      -0.18525000
1155      18.85000000      -0.18650000
1156      18.87500000      -0.18775000
1157      18.90000000      -0.18900000
1158      18.92500000      -0.19025000
1159      18.95000000      -0.19150000
1160      18.97500000      -0.19275000
1161      19.00000000      -0.19400000
1162      19.02500000      -0.19525000
1163      19.05000000      -0.19650000
1164      19.07500000      -0.19775000
1165      19.10000000      -0.19900000
1166      19.12500000      -0.20025000
1167      19.15000000      -0.20150000
1168      19.17500000      -0.20275000
1169      19.20000000      -0.20400000
1170      19.22500000      -0.20525000
1171      19.25000000      -0.20650000
1172      19.27500000      -0.20775000
1173      19.30000000      -0.20900000
1174      19.32500000      -0.21025000
1175      19.35000000      -0.21150000
1176      19.37500000      -0.21275000
1177      19.40000000      -0.21400000
1178      19.42500000      -0.21525000
1179      19.45000000      -0.21650000
1180      19.47500000      -0.21775000
1181      19.50000000      -0.21900000
1182      19.52500000      -0.22025000
1183      19.55000000      -0.22150000
1184      19.57500000      -0.22275000
1185      19.60000000      -0.22400000
1186      19.62500000      -0.22525000
1187      19.65000000      -0.22650000
1188      19.67500000      -0.22775000
1189      19.70000000      -0.22900000
1190      19.72500000      -0.23025000
1191      19.75000000      -0.23150000
1192      19.77500000      -0.23275000
1193      19.80000000      -0.23400000
1194      19.82500000      -0.23525000
1195      19.85000000      -0.23650000
1196      19.87500000      -0.23775000
1197      19.90000000      -0.23900000
1198      19.92500000      -0.24025000
1199      19.95000000      -0.24150000
1200      19.97500000      -0.24275000
1201      20.00000000      -0.24400000
1202      20.02500000      -0.24525000
1203      20.05000000      -0.24650000
1204      20.07500000      -0.24775000
1205      20.10000000      -0.24900000
1206      20.12500000      -0.25025000
1207      20.15000000      -0.25150000
1208      20.17500000      -0.25275000
1209      20.20000000      -0.25400000
1210      20.22500000      -0.25525000
1211      20.25000000      -0.25650000
1212      20.27500000      -0.25775000
1213      20.30000000      -0.25900000
1214      20.32500000      -0.26025000
1215      20.35000000      -0.26150000
1216      20.37500000      -0.26275000
1217      20.40000000      -0.26400000
1218      20.42500000      -0.26525000
1219      20.45000000      -0.26650000
1220      20.47500000      -0.26775000
1221      20.50000000      -0.26900000
1222      20.52500000      -0.27025000
1223      20.55000000      -0.27150000
1224      20.57500000      -0.27275000
1225      20.60000000      -0.27400000
1226      20.62500000      -0.27525000
1227      20.65000000      -0.27650000
1228      20.67500000      -0.27775000
1229      20.70000000      -0.27900000
1230      20.72500000      -0.28025000
1231      20.75000000      -0.28150000
1232      20.77500000      -0.28275000
1233      20.80000000      -0.28400000
1234      20.82500000      -0.28525000
1235      20.85000000      -0.28650000
1236      20.87500000      -0.28775000
1237      20.90000000      -0.28900000
1238      20.92500000      -0.29025000
1239      20.95000000      -0.29150000
1240      20.97500000      -0.29275000
1241      21.00000000      -0.29400000
1242      21.02500000      -0.29525000
1243      21.05000000      -0.29650000
1244      21.07500000      -0.29775000
1245      21.10000000      -0.29900000
1246      21.12500000      -0.30025000
1247      21.15000000      -0.30150000
1248      21.17500000      -0.30275000
1249      21.20000000      -0.30400000
1250      21.22500000      -0.30525000
1251      21.25000000      -0.30650000
1252      21.27500000      -0.30775000
1253      21.30000000      -0.30900000
1254      21.32500000      -0.31025000
1255      21.35000000      -0.31150000
1256      21.37500000      -0.31275000
1257      21.40000000      -0.31400000
1258      21.42500000      -0.31525000
1259      21.45000000      -0.31650000
1260      21.47500000      -0.31775000
1261      21.50000000      -0.31900000
1262      21.52500000      -0.32025000
1263      21.55000000      -0.32150000
1264      21.57500000      -0.32275000
1265      21.60000000      -0.32400000
1266      21.62500000      -0.32525000
1267      21.65000000      -0.32650000
1268      21.67500000      -0.32775000
1269      21.70000000      -0.32900000
1270      21.72500000      -0.33025000
1271      21.75000000      -0.33150000
1272      21.77500000      -0.33275000
1273      21.80000000      -0.33400000
1274      21.82500000      -0.33525000
1275      21.85000000      -0.33650000
1276      21.87500000      -0.33775000
1277      21.90000000      -0.33900000
1278      21.92500000      -0.34025000
1279      21.95000000      -0.34150000
1280      21.97500000      -0.34275000
1281      22.00000000      -0.34400000
1282      22.02500000      -0.34525000
1283      22.05000000      -0.34650000
1284      22.07500000      -0.34775000
1285      22.10000000      -0.34900000
1286      22.12500000      -0.35025000
1287      22.15000000      -0.35150000
1288      22.17500000      -0.35275000
1289      22.20000000      -0.35400000
1290      22.22500000      -0.35525000
1291      22.25000000      -0.35650000
1292      22.27500000      -0.35775000
1293      22.30000000      -0.35900000
1294      22.32500000      -0.36025000
1295      22.35000000      -0.36150000
1296      22.37500000      -0.36275000
1297      22.40000000      -0.36400000
1298      22.42500000      -0.36525000
1299      22.45000000      -0.36650000
1300      22.47500000      -0.36775000
1301      22.50000000      -0.36900000
1302      22.52500000      -0.37025000
1303      22.55000000      -0.37150000
1304      22.57500000      -0.37275000
1305      22.60000000      -0.37400000
1306      22.62500000      -0.37525000
1307      22.65000000      -0.37650000
1308      22.67500000      -0.37775000
1309      22.70000000      -0.37900000
1310      22.72500000      -0.38025000
1311      22.75000000      -0.38150000
1312      22.77500000      -0.38275000
1313      22.80000000      -0.38400000
1314      22.82500000      -0.38525000
1315      22.85000000      -0.38650000
1316      22.87500000      -0.38775000
1317      22.90000000      -0.38900000
1318      22.92500000      -0.39025000
1319      22.95000000      -0.39150000
1320      22.97500000      -0.39275000
1321      23.00000000      -0.39400000
1322      23.02500000      -0.39525000
1323      23.05000000      -0.39650000
1324      23.07500000      -0.39775000
1325      23.10000000      -0.39900000
1326      23.12500000      -0.40025000
1327      23.15000000      -0.40150000
1328      23.17500000      -0.40275000
1329      23.20000000      -0.40400000
1330      23.22500000      -0.40525000
1331      23.25000000      -0.40650000
1332      23.27500000      -0.40775000
1333      23.30000000      -0.40900000
1334      23.32500000      -0.41025000
1335      23.35000000      -0.41150000
1336      23.37500000      -0.41275000
1337      23.40000000      -0.41400000
1338      23.42500000      -0.41525000
1339      23.45000000      -0.41650000
1340      23.47500000      -0.41775000
1341      23.50000000      -0.41900000
1342      23.52500000      -0.42025000
1343      23.55000000      -0.42150000
1344      23.57500000      -0.42275000
1345      23.60000000      -0.42400000
1346      23.62500000      -0.42525000
1347      23.65000000      -0.42650000
1348      23.67500000      -0.42775000
1349      23.70000000      -0.42900000
1350      23.72500000      -0.43025000
1351      23.75000000      -0.43150000
1352      23.77500000      -0.43275000
1353      23.80000000      -0.43400000
1354      23.82500000      -0.43525000
1355      23.85000000      -0.43650000
1356      23.87500000      -0.43775000
1357      23.90000000      -0.43900000
1358      23.92500000      -0.44025000
1359      23.95000000      -0.44150000
1360      23.97500000      -0.44275000
1361      24.00000000      -0.44400000
1362      24.02500000      -0.44525000
1363      24.05000000      -0.44650000
1364      24.07500000      -0.44775000
1365      24.10000000      -0.44900000
1366      24.12500000      -0.45025000
1367      24.15000000      -0.45150000
1368      24.17500000      -0.45275000
1369      24.20000000      -0.45400000
1370      24.22500000      -0.45525000
1371      24.25000000      -0.45650000
1372      24.27500000      -0.45775000
1373      24.30000000      -0.45900000
1374      24.32500000      -0.46025000
1375      24.35000000      -0.46150000
1376      24.37500000      -0.46275000
1377      24.40000000      -0.46400000
1378      24.42500000      -0.46525000
1379      24.45000000      -0.46650000
1380      24.47500000      -0.46775000
1381      24.50000000      -0.46900000
1382      24.52500000      -0.47025000
1383      24.55000000      -0.47150000
1384      24.57500000      -0.47275000
1385      24.60000000      -0.47400000
1386      24.62500000      -0.47525000
1387      24.65000000      -0.47650000
1388      24.67500000      -0.47775000
1389      24.70000000      -0.47900000
1390      24.72500000      -0.48025000
1391      24.75000000      -0.48150000
1392      24.77500000      -0.48275000
1393      24.80000000      -0.48400000
1394      24.82500000      -0.48525000
1395      24.85000000      -0.48650000
1396      24.87500000      -0.48775000
1397      24.90000000      -0.48900000
1398      24.92500000      -0.49025000
1399      24.95000000      -0.49150000
1400      24.97500000      -0.49275000
1401      25.00000000      -0.49400000
